70 70
-7.54379
-7.59968
-7.68561
-7.69032
-7.6515
-7.57309
-7.45564
-7.34123
-7.17164
-6.99647
-6.83619
-6.6677
-6.56753
-6.53598
-6.53654
-6.58155
-6.70736
-6.91883
-7.06146
-7.0344
-6.78269
-6.54692
-6.62956
-6.82166
-6.95494
-7.0959
-7.20443
-7.2128
-7.23533
-7.22893
-7.14514
-7.10209
-7.12894
-7.18016
-7.17249
-6.88242
-6.58474
-6.1686
-6.29948
-6.692
-6.80661
-6.76083
-6.71234
-6.74753
-6.8657
-6.97525
-6.99148
-6.96066
-6.94863
-6.9825
-7.14465
-7.38382
-7.56707
-7.69453
-7.83806
-7.97242
-8.0596
-8.07811
-8.04791
-8.01473
-7.97871
-7.90587
-7.80422
-7.61098
-7.26402
-6.84204
-6.41796
-6.22611
-6.32007
-6.51795
-7.52068
-7.56391
-7.62581
-7.62483
-7.59058
-7.50974
-7.3999
-7.27793
-7.09307
-6.92594
-6.75171
-6.56358
-6.45154
-6.33069
-6.32104
-6.40762
-6.46603
-6.64441
-6.84805
-6.91835
-6.76528
-6.56958
-6.57851
-6.6516
-6.75713
-6.9379
-7.09713
-7.11248
-7.11674
-7.11118
-7.02563
-6.97558
-6.9877
-7.02455
-7.02246
-6.71357
-6.45726
-6.1008
-6.33104
-6.74137
-6.85108
-6.77023
-6.66808
-6.6746
-6.80047
-6.94828
-7.00765
-7.02227
-7.05074
-7.11474
-7.21898
-7.38859
-7.54362
-7.66899
-7.77127
-7.88785
-7.97052
-7.96049
-7.92403
-7.91898
-7.90263
-7.85088
-7.7671
-7.55647
-7.22702
-6.63376
-6.19968
-6.03095
-6.27902
-6.5754
-7.36716
-7.41487
-7.49
-7.51029
-7.48191
-7.40241
-7.297
-7.1576
-6.95375
-6.78233
-6.58803
-6.397
-6.24601
-6.08172
-6.02247
-6.04659
-6.11608
-6.2858
-6.52514
-6.71125
-6.75508
-6.69964
-6.54973
-6.39436
-6.43032
-6.68675
-6.92692
-6.97131
-6.95307
-6.8926
-6.79717
-6.69489
-6.63487
-6.60405
-6.58559
-6.41845
-6.22149
-6.03392
-6.43612
-6.81275
-6.87878
-6.76153
-6.62336
-6.65171
-6.81415
-7.00115
-7.11662
-7.1968
-7.24185
-7.32146
-7.40891
-7.47072
-7.52558
-7.56658
-7.60429
-7.64678
-7.66888
-7.59018
-7.53332
-7.60303
-7.69943
-7.71016
-7.64657
-7.45703
-7.12891
-6.49127
-5.98401
-5.81513
-6.23765
-6.61712
-7.18274
-7.22481
-7.31218
-7.39323
-7.39253
-7.34233
-7.24182
-7.11115
-6.9258
-6.75727
-6.5878
-6.42044
-6.29399
-6.16146
-6.07129
-6.06326
-6.05908
-6.05208
-6.2625
-6.56391
-6.8001
-6.87828
-6.67132
-6.34391
-6.1747
-6.39682
-6.68852
-6.8004
-6.73705
-6.65242
-6.53472
-6.2793
-6.10579
-6.04285
-6.13611
-6.21413
-6.17092
-6.24821
-6.59542
-6.83146
-6.83522
-6.73068
-6.65802
-6.74361
-6.93093
-7.11895
-7.25775
-7.35773
-7.44924
-7.56598
-7.62071
-7.62944
-7.59996
-7.4889
-7.38369
-7.3406
-7.29997
-7.08379
-6.96325
-7.1144
-7.3196
-7.44559
-7.41579
-7.28245
-6.997
-6.49787
-5.96318
-5.83873
-6.27806
-6.65808
-7.11777
-7.20374
-7.30336
-7.39745
-7.41172
-7.37573
-7.28187
-7.16404
-7.01572
-6.8669
-6.72979
-6.638
-6.55002
-6.41986
-6.35371
-6.349
-6.2976
-6.17211
-6.22005
-6.55263
-6.88551
-7.00295
-6.82619
-6.44526
-6.11732
-6.15476
-6.41307
-6.59561
-6.60079
-6.47094
-6.24739
-5.96543
-5.75985
-5.72539
-5.9096
-6.23093
-6.40567
-6.59634
-6.75685
-6.85252
-6.8208
-6.74914
-6.77152
-6.89504
-7.0335
-7.19571
-7.34568
-7.48088
-7.60972
-7.69911
-7.74923
-7.73456
-7.6485
-7.47705
-7.27025
-7.09825
-6.98515
-6.68275
-6.45971
-6.61154
-6.82785
-6.96815
-7.00831
-6.96205
-6.73085
-6.33781
-5.89059
-5.85738
-6.28583
-6.66956
-7.24634
-7.3241
-7.41951
-7.49489
-7.49211
-7.45294
-7.37367
-7.26246
-7.13759
-7.03036
-6.92531
-6.82781
-6.73849
-6.62269
-6.56107
-6.55712
-6.52698
-6.36307
-6.31544
-6.61908
-6.98066
-7.11134
-7.00706
-6.66934
-6.2914
-6.0852
-6.19636
-6.38063
-6.45029
-6.34266
-6.12003
-5.92501
-5.93744
-6.04686
-6.19064
-6.49465
-6.6904
-6.82879
-6.8929
-6.90471
-6.8515
-6.81166
-6.86303
-6.97789
-7.09953
-7.25155
-7.40682
-7.54678
-7.67221
-7.75456
-7.77724
-7.7396
-7.63771
-7.45117
-7.24013
-7.05584
-6.919
-6.57929
-6.19274
-6.09336
-6.2589
-6.39382
-6.46089
-6.47568
-6.32775
-6.01316
-5.64127
-5.72189
-6.17447
-6.50861
-7.433
-7.48625
-7.55515
-7.58305
-7.57106
-7.5395
-7.46961
-7.37509
-7.2864
-7.17893
-7.06593
-6.97751
-6.89029
-6.78724
-6.69926
-6.66538
-6.61805
-6.43051
-6.37729
-6.695
-7.0718
-7.18924
-7.11898
-6.8909
-6.57507
-6.27082
-6.10253
-6.12774
-6.26844
-6.22949
-6.09115
-6.10129
-6.28727
-6.43973
-6.58387
-6.81923
-6.93156
-6.98976
-6.99631
-6.95025
-6.86804
-6.8383
-6.90001
-7.01193
-7.14743
-7.29942
-7.44065
-7.5801
-7.68583
-7.73246
-7.72223
-7.65635
-7.51985
-7.30364
-7.10943
-6.94988
-6.86329
-6.63297
-6.21845
-5.86387
-5.7894
-5.90218
-5.97479
-5.98954
-5.89377
-5.60831
-5.36309
-5.52521
-5.99674
-6.28389
-7.57733
-7.59945
-7.63974
-7.66014
-7.64959
-7.63898
-7.59904
-7.51038
-7.40421
-7.29451
-7.19315
-7.11708
-7.01071
-6.90558
-6.83672
-6.77338
-6.64063
-6.43168
-6.51293
-6.81173
-7.17884
-7.27685
-7.21133
-7.06637
-6.82456
-6.53058
-6.21871
-6.08592
-6.17637
-6.24038
-6.1947
-6.26472
-6.5183
-6.79259
-6.9141
-7.03431
-7.10917
-7.14984
-7.10792
-6.99204
-6.85572
-6.8381
-6.9127
-7.01884
-7.16775
-7.31883
-7.44418
-7.57229
-7.64192
-7.65319
-7.61356
-7.51086
-7.32151
-7.0484
-6.80709
-6.69381
-6.68282
-6.57618
-6.25061
-5.92267
-5.70492
-5.63845
-5.63615
-5.70943
-5.70467
-5.53024
-5.32857
-5.44215
-5.83077
-6.04614
-7.727
-7.73665
-7.75727
-7.76919
-7.77932
-7.7652
-7.71826
-7.64821
-7.5661
-7.47836
-7.37941
-7.27392
-7.15364
-7.0451
-6.93789
-6.80757
-6.58812
-6.46658
-6.65705
-7.00246
-7.30582
-7.35716
-7.29906
-7.16543
-6.97504
-6.72827
-6.41826
-6.24916
-6.35132
-6.50175
-6.48061
-6.46358
-6.61158
-6.86412
-7.03582
-7.21166
-7.26624
-7.25808
-7.15622
-6.98376
-6.82705
-6.81192
-6.88829
-7.02523
-7.17766
-7.30232
-7.42315
-7.5154
-7.5579
-7.54685
-7.45402
-7.27659
-7.04418
-6.76228
-6.50709
-6.38504
-6.3192
-6.25856
-6.19547
-6.15369
-6.08355
-6.00326
-5.9917
-6.02272
-6.01785
-5.84559
-5.60233
-5.53601
-5.82399
-5.98681
-7.80558
-7.83136
-7.87485
-7.92127
-7.96295
-7.97032
-7.92928
-7.82048
-7.71214
-7.63421
-7.54622
-7.41984
-7.29017
-7.15104
-6.99418
-6.75457
-6.55295
-6.59703
-6.90629
-7.25804
-7.39973
-7.41924
-7.33803
-7.22013
-7.06146
-6.85503
-6.63823
-6.52204
-6.66861
-6.86671
-6.92623
-6.8599
-6.78741
-6.84182
-7.00924
-7.25632
-7.32955
-7.34038
-7.19407
-6.97984
-6.79072
-6.74682
-6.84398
-7.02001
-7.17331
-7.28561
-7.39175
-7.45426
-7.46074
-7.38927
-7.2147
-7.02043
-6.88212
-6.79273
-6.6641
-6.40245
-6.09734
-6.02114
-6.15709
-6.31897
-6.41811
-6.42835
-6.44078
-6.48193
-6.46338
-6.28169
-6.01581
-5.87408
-6.00995
-6.14737
-7.84417
-7.90623
-8.00642
-8.09345
-8.11088
-8.10453
-8.08399
-8.00125
-7.91787
-7.82849
-7.72628
-7.56283
-7.39722
-7.2086
-6.97595
-6.74893
-6.70699
-6.89608
-7.19759
-7.41149
-7.48174
-7.44431
-7.32494
-7.18931
-7.04789
-6.88822
-6.77808
-6.78594
-6.97072
-7.17686
-7.28069
-7.21798
-7.0554
-6.92147
-6.94698
-7.2195
-7.35606
-7.39111
-7.26125
-7.02813
-6.7487
-6.69762
-6.83108
-7.00557
-7.15279
-7.27072
-7.35309
-7.37927
-7.32149
-7.15221
-6.95444
-6.87342
-6.93319
-6.96051
-6.82119
-6.47718
-6.05091
-5.99975
-6.28015
-6.52961
-6.66119
-6.74001
-6.81001
-6.82052
-6.78564
-6.6317
-6.3953
-6.16094
-6.23323
-6.42504
-7.82179
-7.90627
-8.04541
-8.19847
-8.26312
-8.2734
-8.24643
-8.15652
-8.09387
-7.99472
-7.84319
-7.65632
-7.44296
-7.22401
-6.96207
-6.86762
-7.00599
-7.23628
-7.42239
-7.52915
-7.53241
-7.46141
-7.31404
-7.1027
-6.93453
-6.83553
-6.87832
-7.00839
-7.23234
-7.40033
-7.49045
-7.5061
-7.37751
-7.1535
-7.0026
-7.17155
-7.35291
-7.44081
-7.33223
-7.06877
-6.73111
-6.61876
-6.76377
-6.95025
-7.11765
-7.23326
-7.27501
-7.23447
-7.07498
-6.83396
-6.72833
-6.8744
-7.02321
-7.02251
-6.7988
-6.43385
-6.10046
-6.17756
-6.47599
-6.69343
-6.85333
-6.95716
-7.00254
-6.99508
-6.95352
-6.8449
-6.63853
-6.41322
-6.49713
-6.62364
-7.61373
-7.72704
-7.93454
-8.16576
-8.32185
-8.37167
-8.37068
-8.30536
-8.2286
-8.09199
-7.92436
-7.72255
-7.47263
-7.18145
-7.02763
-7.1065
-7.29683
-7.49087
-7.59034
-7.60773
-7.58812
-7.50523
-7.33636
-7.09629
-6.90052
-6.83552
-6.95
-7.14415
-7.37146
-7.51585
-7.6183
-7.65787
-7.60119
-7.42493
-7.17793
-7.17859
-7.32848
-7.49273
-7.42667
-7.15457
-6.76928
-6.51764
-6.58656
-6.78553
-6.9864
-7.11169
-7.1184
-7.01632
-6.7652
-6.54377
-6.62988
-6.85122
-6.95383
-6.84252
-6.5996
-6.28316
-6.15305
-6.33933
-6.61063
-6.82094
-6.9944
-7.11499
-7.15832
-7.1438
-7.08525
-6.98105
-6.82032
-6.64754
-6.72798
-6.86294
-7.29696
-7.38312
-7.64111
-7.99495
-8.27569
-8.43239
-8.44962
-8.40553
-8.30857
-8.15913
-7.99715
-7.76143
-7.45721
-7.20939
-7.18769
-7.36138
-7.52933
-7.65768
-7.69495
-7.68741
-7.6495
-7.55065
-7.3602
-7.16338
-6.97052
-6.9365
-7.03695
-7.21776
-7.40364
-7.56781
-7.67995
-7.73332
-7.69718
-7.57674
-7.34404
-7.24298
-7.35689
-7.55465
-7.50858
-7.28776
-6.90005
-6.50217
-6.37242
-6.51535
-6.73045
-6.8774
-6.88165
-6.72861
-6.4369
-6.31283
-6.51644
-6.67523
-6.66504
-6.51583
-6.26873
-6.11645
-6.20713
-6.47983
-6.72416
-6.93385
-7.10608
-7.22721
-7.24813
-7.22739
-7.17329
-7.09453
-6.96449
-6.85859
-7.00794
-7.19559
-7.27706
-7.29802
-7.44518
-7.78015
-8.11395
-8.41879
-8.49555
-8.46959
-8.39115
-8.26308
-8.05335
-7.76419
-7.48417
-7.34461
-7.4375
-7.55686
-7.67857
-7.75885
-7.78605
-7.75318
-7.67927
-7.54444
-7.36554
-7.20357
-7.04225
-7.03239
-7.11636
-7.24484
-7.40603
-7.56027
-7.68289
-7.74613
-7.72784
-7.62657
-7.46785
-7.3329
-7.42945
-7.62945
-7.5928
-7.41117
-7.07997
-6.67373
-6.42669
-6.35855
-6.44973
-6.5173
-6.51199
-6.39612
-6.13317
-6.03697
-6.19255
-6.29643
-6.22808
-6.08636
-5.96595
-6.02626
-6.28764
-6.58248
-6.82364
-7.03962
-7.18169
-7.25302
-7.27521
-7.26131
-7.21409
-7.14376
-7.05519
-7.07802
-7.31382
-7.48963
-7.64136
-7.65002
-7.63906
-7.69193
-7.92483
-8.30776
-8.51786
-8.52592
-8.44949
-8.31082
-8.09967
-7.80206
-7.60471
-7.56238
-7.63488
-7.70273
-7.77315
-7.82124
-7.82761
-7.77976
-7.67524
-7.52494
-7.358
-7.21134
-7.10654
-7.09559
-7.14503
-7.23945
-7.36934
-7.50902
-7.63893
-7.70966
-7.70407
-7.60121
-7.47479
-7.36148
-7.4538
-7.66867
-7.64665
-7.50947
-7.24565
-6.9279
-6.7017
-6.46574
-6.32861
-6.21612
-6.10787
-5.94134
-5.69541
-5.60563
-5.67788
-5.75251
-5.76768
-5.74063
-5.82094
-6.07608
-6.38917
-6.68406
-6.90322
-7.0635
-7.1459
-7.17381
-7.19164
-7.1945
-7.16373
-7.11637
-7.14881
-7.31626
-7.59611
-7.79305
-7.97763
-7.99591
-7.94003
-7.77052
-7.81188
-8.17826
-8.51287
-8.56244
-8.50195
-8.33651
-8.15563
-7.88532
-7.71281
-7.69838
-7.75638
-7.78203
-7.82139
-7.84999
-7.83512
-7.77258
-7.67784
-7.54889
-7.38012
-7.23291
-7.13593
-7.1045
-7.13218
-7.18815
-7.2713
-7.39726
-7.50592
-7.57155
-7.57206
-7.51137
-7.40142
-7.28576
-7.37826
-7.59977
-7.63253
-7.52521
-7.3484
-7.127
-6.89991
-6.64524
-6.41176
-6.18554
-5.94633
-5.74888
-5.54363
-5.34794
-5.27059
-5.35943
-5.48229
-5.62855
-5.86675
-6.1768
-6.48426
-6.7311
-6.88227
-6.97062
-7.00734
-7.02321
-7.03319
-7.0257
-7.03264
-7.09684
-7.27127
-7.562
-7.86797
-8.04547
-7.96953
-8.03908
-8.05828
-7.85223
-7.77122
-8.10158
-8.49596
-8.59274
-8.54933
-8.4044
-8.21436
-7.94611
-7.77743
-7.75949
-7.78447
-7.80854
-7.83672
-7.85007
-7.82678
-7.77247
-7.67946
-7.58195
-7.43311
-7.25256
-7.14994
-7.07338
-7.07384
-7.0971
-7.14393
-7.20675
-7.29468
-7.37509
-7.40924
-7.38485
-7.27324
-7.1108
-7.16068
-7.35331
-7.45627
-7.47158
-7.36555
-7.17938
-6.97147
-6.76961
-6.55808
-6.37602
-6.18008
-5.97699
-5.72704
-5.40693
-5.1477
-5.22291
-5.51043
-5.70926
-5.94
-6.23214
-6.49864
-6.64626
-6.71677
-6.77411
-6.8157
-6.83305
-6.8364
-6.87496
-6.96786
-7.13966
-7.41282
-7.76245
-8.06974
-8.20318
-7.70106
-7.78742
-7.90429
-7.79201
-7.74712
-8.09467
-8.46216
-8.60184
-8.58114
-8.46401
-8.26013
-8.01128
-7.79931
-7.73623
-7.76199
-7.79438
-7.80624
-7.82042
-7.81455
-7.7702
-7.68144
-7.60467
-7.4659
-7.31059
-7.20175
-7.08793
-7.03747
-7.01537
-7.02757
-7.0507
-7.07604
-7.10739
-7.14232
-7.14782
-7.0974
-6.89356
-6.80576
-6.95399
-7.08651
-7.21536
-7.26712
-7.13997
-6.96799
-6.77874
-6.63871
-6.52577
-6.38485
-6.18766
-5.91328
-5.48908
-5.11156
-5.1503
-5.52902
-5.76278
-5.9493
-6.18764
-6.3641
-6.45977
-6.5044
-6.57248
-6.63539
-6.66578
-6.67673
-6.75843
-6.95162
-7.19896
-7.5475
-7.91674
-8.17182
-8.28579
-7.59953
-7.63126
-7.68055
-7.68096
-7.78877
-8.14179
-8.44513
-8.59338
-8.59233
-8.49593
-8.30614
-8.0601
-7.83041
-7.69861
-7.72012
-7.74906
-7.76398
-7.7846
-7.79201
-7.76097
-7.69468
-7.61468
-7.49694
-7.36854
-7.26962
-7.15814
-7.08605
-7.04901
-7.0272
-7.00429
-6.99972
-6.99919
-7.02495
-7.05977
-7.02505
-6.75459
-6.58949
-6.58973
-6.68961
-6.82125
-6.92678
-6.93675
-6.85248
-6.72618
-6.63782
-6.55939
-6.45369
-6.29633
-6.04205
-5.56172
-5.13131
-5.09224
-5.46871
-5.7304
-5.85146
-5.98022
-6.06091
-6.1867
-6.30407
-6.40179
-6.46859
-6.48557
-6.52078
-6.66422
-6.8977
-7.2047
-7.60555
-7.95081
-8.19679
-8.30783
-7.90411
-7.81801
-7.72747
-7.74487
-7.93077
-8.17143
-8.42028
-8.55245
-8.5752
-8.49807
-8.34052
-8.11278
-7.87171
-7.71435
-7.68546
-7.70056
-7.71523
-7.74483
-7.7604
-7.73882
-7.69286
-7.59857
-7.50515
-7.36403
-7.27127
-7.17768
-7.12375
-7.09166
-7.07847
-7.0546
-7.02644
-7.01709
-7.05827
-7.10231
-7.03794
-6.73648
-6.63001
-6.60915
-6.54017
-6.52718
-6.56865
-6.58267
-6.54238
-6.51914
-6.53196
-6.50763
-6.424
-6.29816
-6.07838
-5.64627
-5.24865
-5.16067
-5.48201
-5.64338
-5.64321
-5.62658
-5.68847
-5.88769
-6.07906
-6.17982
-6.22095
-6.26062
-6.34637
-6.5438
-6.80779
-7.17526
-7.57246
-7.8904
-8.17317
-8.26601
-8.1874
-8.11062
-8.00135
-7.93092
-7.97477
-8.12202
-8.31232
-8.45223
-8.49809
-8.44817
-8.3234
-8.14337
-7.93867
-7.73843
-7.64927
-7.64803
-7.67125
-7.68998
-7.69259
-7.69123
-7.65233
-7.55429
-7.44121
-7.26281
-7.14837
-7.02311
-6.97594
-6.98755
-7.02043
-7.04011
-7.04036
-7.0719
-7.16351
-7.21911
-7.1071
-6.73296
-6.69508
-6.84847
-6.77142
-6.61632
-6.46208
-6.32916
-6.19129
-6.1511
-6.24889
-6.35439
-6.33937
-6.26019
-6.07515
-5.71197
-5.35998
-5.35255
-5.60021
-5.61071
-5.44568
-5.29035
-5.25852
-5.4662
-5.73639
-5.89159
-5.8986
-5.94873
-6.06193
-6.35076
-6.6681
-7.0662
-7.44493
-7.79986
-8.06029
-8.15335
-8.18396
-8.1403
-8.0252
-7.86509
-7.81194
-7.93703
-8.13192
-8.3139
-8.36721
-8.34798
-8.24778
-8.07411
-7.91394
-7.71512
-7.63134
-7.6202
-7.6302
-7.63555
-7.63228
-7.61366
-7.56457
-7.43836
-7.2703
-7.07724
-6.92421
-6.75731
-6.66386
-6.68744
-6.82825
-6.91703
-6.97325
-7.04702
-7.17076
-7.23984
-7.15596
-6.70412
-6.68811
-6.94933
-7.03951
-6.92701
-6.70534
-6.44529
-6.11722
-5.9352
-6.00357
-6.13367
-6.18046
-6.16888
-6.02908
-5.74196
-5.47439
-5.57764
-5.80276
-5.63462
-5.32785
-5.13287
-5.16989
-5.30453
-5.45718
-5.52338
-5.47417
-5.54352
-5.68985
-6.00227
-6.397
-6.79252
-7.22983
-7.5913
-7.82799
-7.90243
-8.02568
-7.98705
-7.87463
-7.68212
-7.52318
-7.60197
-7.8195
-8.07075
-8.17029
-8.18679
-8.13843
-7.98144
-7.76253
-7.63115
-7.59352
-7.59729
-7.61467
-7.61671
-7.58291
-7.5415
-7.48078
-7.33082
-7.08368
-6.84382
-6.64631
-6.4785
-6.34196
-6.38297
-6.55119
-6.71007
-6.83365
-6.94394
-7.09754
-7.20467
-7.18415
-6.72554
-6.65563
-6.90589
-7.12728
-7.11814
-7.00547
-6.74924
-6.41415
-6.02988
-5.86905
-5.93989
-6.02351
-6.03699
-5.93632
-5.73099
-5.66765
-5.86601
-5.96705
-5.71531
-5.35627
-5.29087
-5.44004
-5.50303
-5.40028
-5.25286
-5.273
-5.42774
-5.61822
-5.86758
-6.12178
-6.45738
-6.89752
-7.26856
-7.50751
-7.57687
-7.78437
-7.75505
-7.64471
-7.48333
-7.31888
-7.31696
-7.49009
-7.71331
-7.89775
-7.98013
-7.99856
-7.88322
-7.64038
-7.53094
-7.53912
-7.58103
-7.61807
-7.62674
-7.57943
-7.51485
-7.41717
-7.22059
-6.91319
-6.64562
-6.51909
-6.48657
-6.44708
-6.47104
-6.56606
-6.65848
-6.72746
-6.81882
-6.97812
-7.14204
-7.20717
-6.85159
-6.7018
-6.84611
-7.13236
-7.23664
-7.18759
-7.03941
-6.75536
-6.37307
-6.08354
-5.93775
-5.89939
-5.9042
-5.85436
-5.75805
-5.87133
-6.09215
-6.11352
-5.87774
-5.63232
-5.62578
-5.82961
-5.77475
-5.43366
-5.31881
-5.58007
-5.79184
-6.00888
-6.09007
-6.05872
-6.19488
-6.53714
-6.93512
-7.11048
-7.11451
-7.57508
-7.52362
-7.41464
-7.34976
-7.29617
-7.22025
-7.24163
-7.36028
-7.53777
-7.68226
-7.79505
-7.71849
-7.5321
-7.43867
-7.51057
-7.58469
-7.64218
-7.65448
-7.59847
-7.51167
-7.36939
-7.12953
-6.83808
-6.6755
-6.70177
-6.75042
-6.78852
-6.80674
-6.83846
-6.84766
-6.76612
-6.72121
-6.88702
-7.12098
-7.28131
-7.01412
-6.82414
-6.79387
-7.10085
-7.32714
-7.3554
-7.28399
-7.09766
-6.80421
-6.45664
-6.23414
-6.06081
-5.9184
-5.87012
-5.89176
-6.12364
-6.30701
-6.30986
-6.16267
-6.00014
-5.95531
-6.03081
-5.84762
-5.52688
-5.63424
-5.99568
-6.24259
-6.38597
-6.37647
-6.25137
-6.1871
-6.40108
-6.71876
-6.84339
-6.86457
-7.47198
-7.42319
-7.28977
-7.20229
-7.21833
-7.22558
-7.17623
-7.13145
-7.19594
-7.34617
-7.51833
-7.54684
-7.44298
-7.41921
-7.52067
-7.60934
-7.67661
-7.68791
-7.62002
-7.50753
-7.33073
-7.05022
-6.8197
-6.81279
-6.92067
-6.99006
-7.04355
-7.07772
-7.11669
-7.0809
-6.93142
-6.75039
-6.8268
-7.15048
-7.39483
-7.23736
-7.03349
-6.80301
-7.00871
-7.35134
-7.53423
-7.53399
-7.40897
-7.19954
-6.9512
-6.68891
-6.41908
-6.22583
-6.18717
-6.29279
-6.44191
-6.5242
-6.52124
-6.48322
-6.33988
-6.18963
-6.07701
-5.88008
-5.80838
-6.12402
-6.49944
-6.70914
-6.75859
-6.67082
-6.50191
-6.47424
-6.59935
-6.78126
-6.92669
-7.00553
-7.46952
-7.44528
-7.30399
-7.08736
-7.01839
-7.09579
-7.12727
-7.06317
-6.9433
-7.03279
-7.26005
-7.32816
-7.33864
-7.43608
-7.55107
-7.64387
-7.70539
-7.69645
-7.62165
-7.47439
-7.26321
-6.99465
-6.78222
-6.8271
-6.99762
-7.09437
-7.18076
-7.24467
-7.28175
-7.2793
-7.17999
-6.95234
-6.86207
-7.2064
-7.49109
-7.54089
-7.36226
-7.00748
-6.97331
-7.30275
-7.64131
-7.74619
-7.69421
-7.53407
-7.31834
-7.10984
-6.87565
-6.74772
-6.7234
-6.69242
-6.72865
-6.82363
-6.87726
-6.81942
-6.62445
-6.35712
-6.138
-6.02188
-6.24589
-6.62252
-6.89014
-7.02115
-6.98268
-6.86849
-6.79327
-6.84768
-6.95655
-7.07097
-7.21335
-7.29766
-7.48606
-7.48752
-7.40219
-7.13329
-6.9406
-6.96208
-7.05875
-7.06534
-6.86452
-6.81051
-6.99133
-7.12217
-7.21296
-7.41913
-7.56362
-7.65359
-7.69494
-7.6663
-7.56516
-7.4011
-7.19495
-6.95897
-6.75374
-6.7719
-6.92116
-7.0489
-7.19004
-7.31449
-7.40029
-7.42494
-7.39648
-7.22986
-7.06587
-7.24673
-7.56622
-7.77468
-7.7077
-7.37166
-7.12646
-7.26434
-7.65294
-7.89792
-7.93637
-7.84753
-7.67821
-7.46969
-7.26676
-7.12303
-7.02057
-6.99639
-7.05913
-7.15456
-7.22753
-7.18873
-6.96276
-6.69996
-6.48077
-6.47796
-6.73602
-6.97174
-7.15122
-7.18227
-7.13439
-7.07568
-7.09293
-7.17299
-7.28024
-7.36075
-7.45774
-7.55341
-7.49329
-7.51188
-7.49971
-7.31909
-7.08208
-6.96719
-7.02389
-7.07335
-6.8626
-6.67944
-6.78658
-6.89535
-7.00386
-7.30381
-7.50965
-7.59278
-7.59598
-7.51975
-7.39801
-7.27132
-7.11934
-6.98133
-6.85645
-6.79458
-6.82794
-6.91271
-7.06265
-7.23468
-7.43008
-7.56393
-7.58961
-7.52114
-7.38878
-7.38575
-7.64305
-7.92776
-7.95521
-7.68496
-7.35573
-7.33723
-7.64599
-7.97981
-8.07832
-8.05315
-7.92648
-7.72473
-7.54542
-7.39131
-7.26628
-7.21809
-7.28235
-7.44605
-7.55808
-7.51892
-7.37991
-7.20477
-7.07035
-7.0453
-7.15278
-7.25303
-7.29865
-7.28057
-7.24259
-7.22932
-7.27435
-7.32879
-7.39288
-7.45508
-7.59142
-7.69509
-7.46053
-7.48913
-7.53209
-7.45113
-7.24841
-7.03423
-6.95499
-7.02231
-6.87192
-6.61413
-6.66926
-6.77485
-6.91244
-7.15799
-7.38589
-7.42249
-7.33937
-7.223
-7.1335
-7.07357
-7.04424
-7.01711
-6.99701
-6.95081
-6.88136
-6.83342
-6.86563
-7.03944
-7.3492
-7.64609
-7.79584
-7.82285
-7.735
-7.67773
-7.8052
-8.0375
-8.08912
-7.95276
-7.62547
-7.48727
-7.71882
-8.02959
-8.15296
-8.16589
-8.05481
-7.88938
-7.7169
-7.53336
-7.41831
-7.36152
-7.43224
-7.63821
-7.78728
-7.81426
-7.76239
-7.69488
-7.61045
-7.52647
-7.46865
-7.44445
-7.40481
-7.33943
-7.29108
-7.25337
-7.25792
-7.30516
-7.39189
-7.50499
-7.65851
-7.73274
-7.35484
-7.40158
-7.49747
-7.49692
-7.32
-7.04757
-6.86417
-6.92613
-6.83485
-6.60597
-6.62997
-6.77285
-6.9202
-7.07176
-7.2043
-7.17242
-7.0156
-6.84336
-6.79449
-6.87251
-6.96385
-7.03091
-7.07619
-7.08584
-7.02107
-6.89614
-6.77374
-6.91604
-7.28383
-7.71991
-7.95714
-8.06712
-8.07675
-8.06673
-8.11521
-8.18801
-8.19403
-8.09763
-7.81936
-7.68379
-7.85644
-8.08109
-8.19423
-8.20531
-8.10414
-7.96764
-7.7825
-7.6085
-7.53408
-7.53296
-7.54775
-7.70698
-7.93811
-8.06413
-8.08606
-8.05842
-7.96303
-7.81331
-7.66778
-7.54509
-7.41471
-7.27106
-7.11945
-7.01885
-7.02451
-7.11329
-7.32657
-7.53909
-7.6649
-7.71041
-7.21186
-7.2683
-7.39131
-7.44301
-7.26814
-6.998
-6.77685
-6.86302
-6.8424
-6.66137
-6.66692
-6.85471
-6.98122
-7.05522
-7.06102
-6.93574
-6.70235
-6.53284
-6.60368
-6.81281
-6.99229
-7.1069
-7.15917
-7.1702
-7.11377
-6.98923
-6.87152
-7.00024
-7.38008
-7.83292
-8.05158
-8.24655
-8.32844
-8.36876
-8.37158
-8.35296
-8.32386
-8.20685
-8.06723
-7.97194
-8.03414
-8.18653
-8.25556
-8.20947
-8.09593
-7.98031
-7.84552
-7.7926
-7.82681
-7.79373
-7.68658
-7.7306
-7.99533
-8.20693
-8.27231
-8.24934
-8.14222
-7.94189
-7.71938
-7.49852
-7.28019
-6.96689
-6.6918
-6.59664
-6.68643
-6.88377
-7.19619
-7.46346
-7.61598
-7.63824
-7.04226
-7.10123
-7.21724
-7.26709
-7.11658
-6.87998
-6.81365
-6.98842
-7.01683
-6.83842
-6.77134
-6.94066
-7.04165
-7.05686
-7.00098
-6.80234
-6.55792
-6.48599
-6.69301
-6.96136
-7.15022
-7.25442
-7.29196
-7.25629
-7.17621
-7.08646
-7.01843
-7.13708
-7.46535
-7.89114
-8.09945
-8.30841
-8.46983
-8.55637
-8.56002
-8.52583
-8.49446
-8.3814
-8.27006
-8.23484
-8.28074
-8.32491
-8.30096
-8.18459
-8.04683
-7.97819
-8.01116
-8.04615
-8.09077
-8.08743
-7.90493
-7.8069
-7.9947
-8.24334
-8.36013
-8.32016
-8.18764
-7.92216
-7.60687
-7.34332
-7.09542
-6.76196
-6.5483
-6.42618
-6.43848
-6.64823
-7.00125
-7.28614
-7.52405
-7.58346
-6.82541
-6.87815
-6.95783
-6.98223
-6.91253
-6.8476
-7.03193
-7.24463
-7.25703
-7.0844
-6.94788
-6.97579
-7.00298
-6.97427
-6.90178
-6.70374
-6.58617
-6.69347
-6.95488
-7.19498
-7.3301
-7.38574
-7.37999
-7.31865
-7.2242
-7.12949
-7.0237
-7.10356
-7.44331
-7.80633
-8.08288
-8.30998
-8.49129
-8.62091
-8.6617
-8.6418
-8.61097
-8.56226
-8.51409
-8.45956
-8.42613
-8.38152
-8.28633
-8.13101
-8.00188
-8.03038
-8.16517
-8.29787
-8.37005
-8.30937
-8.1177
-7.92133
-7.98735
-8.22717
-8.36467
-8.32461
-8.11393
-7.71409
-7.36945
-7.21004
-7.12411
-6.9594
-6.7466
-6.56981
-6.41768
-6.35721
-6.64402
-7.00989
-7.32387
-7.44532
-6.63356
-6.67594
-6.78223
-6.88031
-6.97653
-7.14483
-7.40651
-7.5927
-7.64044
-7.48718
-7.26021
-7.06413
-6.91403
-6.83197
-6.8266
-6.87561
-6.99805
-7.18854
-7.39177
-7.50036
-7.49618
-7.46168
-7.39517
-7.22999
-7.00574
-6.79516
-6.66395
-6.83766
-7.26338
-7.64231
-7.94449
-8.19067
-8.39311
-8.53111
-8.62235
-8.6499
-8.64254
-8.6129
-8.57694
-8.509
-8.42891
-8.3445
-8.22636
-8.07827
-8.03839
-8.14534
-8.29929
-8.41558
-8.46364
-8.43226
-8.26944
-7.99588
-7.87818
-8.01198
-8.1283
-7.98388
-7.65319
-7.31861
-7.1566
-7.24026
-7.2976
-7.22692
-7.0725
-6.88523
-6.64022
-6.4269
-6.40942
-6.57853
-6.772
-6.84719
-6.7671
-6.80467
-6.93337
-7.06881
-7.19421
-7.38197
-7.62805
-7.7922
-7.78918
-7.68013
-7.49021
-7.26139
-7.07873
-7.05674
-7.11644
-7.19575
-7.3836
-7.5517
-7.64403
-7.63858
-7.54668
-7.45251
-7.30428
-7.03615
-6.71785
-6.50278
-6.40337
-6.65204
-7.10537
-7.52858
-7.81274
-8.03635
-8.25253
-8.3856
-8.50706
-8.57641
-8.58251
-8.57167
-8.55743
-8.48649
-8.3803
-8.28674
-8.17304
-8.05026
-8.05378
-8.15943
-8.28753
-8.37603
-8.43591
-8.42421
-8.28171
-7.99316
-7.78806
-7.77779
-7.7869
-7.6252
-7.34797
-7.10282
-7.10372
-7.2849
-7.34131
-7.26958
-7.14975
-7.00361
-6.80886
-6.59515
-6.50631
-6.55071
-6.61568
-6.65363
-7.27042
-7.28288
-7.41368
-7.49932
-7.56226
-7.67792
-7.80774
-7.90353
-7.89831
-7.8444
-7.77862
-7.68442
-7.56788
-7.5486
-7.66759
-7.86864
-7.97314
-7.98119
-7.87805
-7.71069
-7.53507
-7.31848
-7.00735
-6.64711
-6.2986
-6.03848
-6.06008
-6.42989
-6.92086
-7.27242
-7.55064
-7.75184
-7.94953
-8.11941
-8.2606
-8.3712
-8.41102
-8.42471
-8.42066
-8.34508
-8.24049
-8.13754
-8.04703
-7.98448
-7.98529
-8.04276
-8.1277
-8.20666
-8.25279
-8.25767
-8.15529
-7.91964
-7.62571
-7.3874
-7.24714
-7.03761
-6.85616
-6.90076
-7.09384
-7.28931
-7.36858
-7.34192
-7.27197
-7.15131
-7.01403
-6.93711
-6.89194
-6.84242
-6.83667
-6.84839
-7.50079
-7.54569
-7.64336
-7.68178
-7.69761
-7.72363
-7.79978
-7.866
-7.87835
-7.83843
-7.81171
-7.8054
-7.8034
-7.87765
-8.01645
-8.12088
-8.13214
-8.05124
-7.89052
-7.67731
-7.44715
-7.13281
-6.72027
-6.33794
-6.05324
-5.92027
-6.00723
-6.35576
-6.8599
-7.14803
-7.41434
-7.64744
-7.81751
-7.97492
-8.08222
-8.15408
-8.19493
-8.25513
-8.27616
-8.22421
-8.09921
-8.00129
-7.93671
-7.88636
-7.85038
-7.8631
-7.91556
-7.98694
-8.03558
-8.03024
-7.9191
-7.69804
-7.39355
-7.10025
-6.85446
-6.63226
-6.61444
-6.80463
-7.05183
-7.26831
-7.39553
-7.40135
-7.32565
-7.21783
-7.10213
-7.06013
-7.10591
-7.17482
-7.16485
-7.13519
-7.58026
-7.62833
-7.68015
-7.69585
-7.66785
-7.65715
-7.72575
-7.75473
-7.77078
-7.75194
-7.75047
-7.82623
-7.93623
-8.06583
-8.16349
-8.19313
-8.15174
-8.0302
-7.84793
-7.58893
-7.24903
-6.8497
-6.45391
-6.13514
-5.99648
-5.91406
-5.94419
-6.3288
-6.84079
-7.22092
-7.5258
-7.73944
-7.86584
-7.9585
-7.97497
-7.95841
-7.98825
-8.09091
-8.07196
-8.00151
-7.91626
-7.84823
-7.79914
-7.76718
-7.72553
-7.70181
-7.70239
-7.70827
-7.72216
-7.69603
-7.56254
-7.32686
-7.04222
-6.79724
-6.59558
-6.47983
-6.52234
-6.68812
-6.92791
-7.15581
-7.29455
-7.29467
-7.18831
-7.09797
-7.07345
-7.1088
-7.17694
-7.23007
-7.24597
-7.23936
-7.5597
-7.60036
-7.5984
-7.57252
-7.50852
-7.47936
-7.53886
-7.56171
-7.53679
-7.55324
-7.65802
-7.78475
-7.96084
-8.10143
-8.14802
-8.15067
-8.0869
-7.94719
-7.70799
-7.39856
-7.008
-6.5733
-6.27313
-6.10505
-5.98242
-5.83219
-5.92113
-6.39213
-6.94791
-7.38448
-7.72688
-7.88199
-7.99744
-8.02544
-7.92495
-7.77125
-7.77977
-7.87936
-7.89441
-7.8201
-7.73398
-7.67935
-7.65754
-7.63512
-7.60138
-7.57825
-7.54574
-7.4913
-7.41722
-7.36821
-7.22955
-6.97144
-6.71035
-6.6125
-6.6215
-6.64439
-6.65608
-6.69549
-6.7586
-6.84662
-6.93813
-6.97519
-6.91373
-6.89717
-6.97281
-7.02515
-7.0796
-7.1234
-7.1492
-7.13085
-7.48789
-7.47649
-7.42203
-7.29733
-7.2203
-7.22303
-7.20123
-7.16656
-7.17845
-7.26193
-7.469
-7.68559
-7.88676
-8.01601
-8.05091
-8.03224
-7.92811
-7.75381
-7.47228
-7.11448
-6.72637
-6.41382
-6.28325
-6.14828
-5.92893
-5.74884
-5.97952
-6.5639
-7.14163
-7.56795
-7.87623
-8.01621
-8.09334
-8.06284
-7.8477
-7.5888
-7.58997
-7.71559
-7.67682
-7.60977
-7.55733
-7.5325
-7.52544
-7.50811
-7.49317
-7.48472
-7.45686
-7.3532
-7.21768
-7.0444
-6.89242
-6.68454
-6.58288
-6.6822
-6.78935
-6.88127
-6.86839
-6.78453
-6.65038
-6.55083
-6.551
-6.60339
-6.65357
-6.69752
-6.76397
-6.82582
-6.88028
-6.91451
-6.95267
-6.94976
-7.33602
-7.23013
-7.09121
-7.01379
-6.96535
-6.83277
-6.76822
-6.78931
-6.78571
-6.91527
-7.24729
-7.54249
-7.77635
-7.8691
-7.89468
-7.86058
-7.72883
-7.5016
-7.19057
-6.83875
-6.58215
-6.47677
-6.36866
-6.13814
-5.81902
-5.76071
-6.1782
-6.78906
-7.35038
-7.75245
-7.97417
-8.11581
-8.15221
-8.04875
-7.75702
-7.47438
-7.46011
-7.56429
-7.5291
-7.44839
-7.40049
-7.4004
-7.40209
-7.39958
-7.40556
-7.41488
-7.40014
-7.3267
-7.1836
-6.96953
-6.79315
-6.66336
-6.74108
-6.86744
-6.91783
-6.92561
-6.90897
-6.82998
-6.68216
-6.51528
-6.43324
-6.4712
-6.53622
-6.57982
-6.61105
-6.62786
-6.64721
-6.6773
-6.70966
-6.71085
-7.12274
-6.99943
-6.78715
-6.67968
-6.64751
-6.54384
-6.44307
-6.34229
-6.41821
-6.63074
-6.97832
-7.34983
-7.61512
-7.72369
-7.70972
-7.62409
-7.43329
-7.18249
-6.91719
-6.72347
-6.6531
-6.58099
-6.36886
-6.05511
-5.73104
-5.88178
-6.40104
-7.00548
-7.52765
-7.84441
-8.03994
-8.1696
-8.16863
-7.98922
-7.64407
-7.35972
-7.37434
-7.45313
-7.38944
-7.34302
-7.32402
-7.33268
-7.32388
-7.31201
-7.32929
-7.35582
-7.35264
-7.31531
-7.20444
-7.0399
-6.84679
-6.76459
-6.83088
-6.89163
-6.88424
-6.84981
-6.84044
-6.81169
-6.75161
-6.6606
-6.59858
-6.58852
-6.60308
-6.59421
-6.56238
-6.52388
-6.4677
-6.44946
-6.43791
-6.42528
-6.87364
-6.70796
-6.4534
-6.42786
-6.41123
-6.33184
-6.30108
-6.31132
-6.31817
-6.41529
-6.70372
-7.12049
-7.38385
-7.49502
-7.43883
-7.3114
-7.09926
-6.87613
-6.74485
-6.75936
-6.75669
-6.61632
-6.31868
-5.92951
-5.75303
-6.11302
-6.61574
-7.20717
-7.65896
-7.9432
-8.1231
-8.19381
-8.14194
-7.90669
-7.58006
-7.31573
-7.31303
-7.37556
-7.31971
-7.29839
-7.32643
-7.33378
-7.29802
-7.26328
-7.26292
-7.2881
-7.30209
-7.27076
-7.20023
-7.01619
-6.84082
-6.76122
-6.78578
-6.78302
-6.7679
-6.77929
-6.80829
-6.82353
-6.81168
-6.77117
-6.73035
-6.69138
-6.666
-6.63192
-6.57654
-6.49057
-6.37577
-6.30272
-6.24046
-6.21992
-6.63123
-6.50416
-6.36305
-6.41892
-6.41884
-6.39111
-6.42487
-6.47904
-6.4324
-6.35046
-6.51303
-6.86093
-7.15285
-7.25822
-7.13538
-6.95485
-6.75777
-6.69877
-6.78201
-6.84681
-6.78784
-6.60323
-6.28524
-5.89606
-5.89167
-6.35743
-6.86306
-7.39234
-7.76853
-8.0091
-8.15469
-8.18506
-8.07378
-7.86716
-7.56092
-7.28487
-7.27476
-7.3134
-7.29725
-7.34388
-7.39839
-7.39859
-7.32807
-7.25946
-7.22069
-7.22933
-7.2283
-7.20324
-7.12255
-6.92841
-6.74296
-6.65921
-6.65053
-6.64079
-6.67045
-6.73362
-6.78992
-6.82674
-6.83518
-6.81834
-6.78041
-6.7358
-6.67984
-6.63426
-6.56832
-6.46906
-6.33688
-6.2477
-6.1422
-6.08807
-6.68949
-6.61949
-6.5749
-6.60937
-6.58278
-6.56819
-6.59213
-6.60425
-6.53639
-6.40743
-6.38676
-6.59575
-6.89499
-6.94186
-6.8185
-6.64053
-6.58602
-6.74105
-6.86498
-6.86497
-6.74657
-6.55845
-6.27617
-5.99591
-6.0913
-6.5114
-7.04762
-7.47943
-7.78193
-8.00344
-8.13441
-8.14288
-8.03373
-7.84751
-7.59427
-7.29902
-7.25615
-7.2979
-7.35513
-7.44824
-7.49965
-7.48952
-7.42312
-7.30581
-7.20382
-7.17625
-7.1371
-7.08306
-7.01018
-6.86628
-6.67536
-6.55408
-6.51296
-6.53108
-6.5915
-6.65581
-6.72778
-6.77847
-6.82658
-6.84849
-6.81942
-6.7594
-6.68845
-6.60874
-6.5213
-6.43828
-6.31678
-6.22312
-6.10436
-6.05033
-7.01151
-6.95495
-6.86274
-6.80591
-6.76072
-6.70424
-6.68946
-6.69473
-6.64815
-6.51689
-6.37802
-6.3877
-6.57425
-6.65642
-6.5586
-6.49752
-6.67159
-6.84632
-6.9159
-6.86499
-6.73644
-6.56701
-6.33838
-6.13281
-6.22033
-6.59907
-7.06514
-7.44338
-7.75948
-7.98177
-8.12484
-8.13855
-8.05281
-7.88433
-7.69629
-7.43759
-7.3604
-7.39577
-7.49949
-7.58569
-7.61723
-7.59348
-7.54531
-7.39271
-7.27834
-7.19293
-7.06473
-6.97504
-6.95058
-6.8867
-6.75967
-6.65292
-6.57315
-6.51814
-6.505
-6.5448
-6.61806
-6.69846
-6.79289
-6.84091
-6.83939
-6.76306
-6.67623
-6.57445
-6.4993
-6.42207
-6.31702
-6.21897
-6.11239
-6.06066
-7.39418
-7.3264
-7.16311
-7.0109
-6.90293
-6.82218
-6.78096
-6.76129
-6.73745
-6.66709
-6.5324
-6.38835
-6.38488
-6.47309
-6.55059
-6.70074
-6.86115
-6.97829
-6.99278
-6.92484
-6.83248
-6.71162
-6.51015
-6.27665
-6.27534
-6.5749
-7.02458
-7.41118
-7.73586
-8.00252
-8.15162
-8.18868
-8.11624
-8.00189
-7.8691
-7.65742
-7.56845
-7.57602
-7.66127
-7.72633
-7.74933
-7.71794
-7.6579
-7.53549
-7.44852
-7.2965
-7.14785
-7.01202
-7.02288
-7.06319
-6.9759
-6.87758
-6.78985
-6.62013
-6.43992
-6.43876
-6.54453
-6.64849
-6.74294
-6.78773
-6.7805
-6.72315
-6.61937
-6.53264
-6.47254
-6.41286
-6.32783
-6.24264
-6.1875
-6.17728
-7.655
-7.56023
-7.36564
-7.17118
-7.03746
-6.95285
-6.88151
-6.84826
-6.82041
-6.80063
-6.72888
-6.63517
-6.57834
-6.67689
-6.81157
-6.97114
-7.11097
-7.15263
-7.12276
-7.08077
-7.02343
-6.92521
-6.73094
-6.54031
-6.39883
-6.57992
-7.02213
-7.42487
-7.74787
-8.03017
-8.1714
-8.22409
-8.18948
-8.10971
-8.0144
-7.84655
-7.75787
-7.73261
-7.80131
-7.84557
-7.83299
-7.80608
-7.7347
-7.65548
-7.55805
-7.43155
-7.30355
-7.18688
-7.19745
-7.24456
-7.16758
-7.06619
-6.97386
-6.73307
-6.43646
-6.36392
-6.47569
-6.57815
-6.6346
-6.63724
-6.61412
-6.56202
-6.48978
-6.43736
-6.40526
-6.36813
-6.33353
-6.30167
-6.29735
-6.30756
-7.75486
-7.6692
-7.48937
-7.3139
-7.16644
-7.08637
-7.02556
-6.9387
-6.89342
-6.89752
-6.9173
-6.95403
-6.94689
-7.01931
-7.12899
-7.23903
-7.34242
-7.33994
-7.31222
-7.29429
-7.22748
-7.13607
-6.99931
-6.82497
-6.67188
-6.73243
-7.05169
-7.46343
-7.76802
-8.00559
-8.17276
-8.25114
-8.24564
-8.16665
-8.06314
-7.93125
-7.85508
-7.81296
-7.87325
-7.89521
-7.87977
-7.84178
-7.77045
-7.69498
-7.58341
-7.51178
-7.41262
-7.34374
-7.34737
-7.37525
-7.30388
-7.16716
-7.04332
-6.78033
-6.41625
-6.27911
-6.36979
-6.42324
-6.42857
-6.39359
-6.31999
-6.27327
-6.27372
-6.2794
-6.28883
-6.31045
-6.35054
-6.38546
-6.42181
-6.44484
-7.77143
-7.69375
-7.54171
-7.3924
-7.28444
-7.17668
-7.0751
-6.96785
-6.9011
-6.91115
-6.99977
-7.12964
-7.26744
-7.37695
-7.44245
-7.51178
-7.55308
-7.52643
-7.48724
-7.47975
-7.44046
-7.36047
-7.23603
-7.08963
-6.89194
-6.87116
-7.15291
-7.49856
-7.7527
-7.98106
-8.1838
-8.28615
-8.27454
-8.16948
-8.01749
-7.88203
-7.83232
-7.81841
-7.8571
-7.86909
-7.84732
-7.80969
-7.74194
-7.64192
-7.55166
-7.48543
-7.42644
-7.39126
-7.392
-7.40676
-7.34926
-7.20579
-7.03319
-6.71664
-6.34648
-6.14274
-6.1701
-6.16738
-6.14214
-6.07467
-6.0178
-6.01083
-6.07149
-6.15732
-6.24099
-6.32616
-6.41734
-6.4879
-6.54497
-6.56995
-7.74013
-7.67402
-7.5369
-7.41601
-7.29963
-7.18141
-7.04117
-6.92916
-6.86916
-6.89546
-7.00428
-7.17916
-7.40793
-7.56038
-7.66605
-7.71534
-7.73071
-7.71626
-7.68926
-7.65141
-7.56897
-7.47411
-7.34159
-7.17958
-6.99818
-7.02253
-7.26977
-7.5546
-7.77772
-7.99146
-8.1918
-8.29128
-8.23813
-8.0972
-7.88782
-7.74697
-7.70516
-7.73082
-7.76882
-7.75654
-7.72294
-7.69067
-7.62138
-7.5197
-7.4193
-7.32391
-7.30172
-7.31644
-7.3498
-7.37214
-7.32582
-7.17036
-6.93883
-6.57414
-6.2292
-6.01173
-6.06123
-6.08006
-6.09699
-6.09898
-6.0866
-6.08626
-6.1024
-6.16087
-6.29245
-6.42086
-6.55704
-6.64277
-6.69291
-6.7135
-7.67857
-7.61098
-7.48384
-7.38976
-7.28648
-7.16456
-7.04557
-7.02495
-7.07246
-7.15576
-7.18336
-7.21175
-7.41576
-7.66757
-7.83236
-7.89896
-7.90581
-7.8557
-7.82021
-7.76132
-7.64502
-7.51779
-7.33309
-7.12754
-7.01677
-7.17965
-7.45571
-7.70156
-7.87868
-8.046
-8.20135
-8.23367
-8.15074
-7.9508
-7.72079
-7.4752
-7.42498
-7.53182
-7.5662
-7.56106
-7.54724
-7.51543
-7.40094
-7.28748
-7.17577
-7.07015
-7.05496
-7.14744
-7.27737
-7.32232
-7.23823
-7.04423
-6.79659
-6.40858
-6.14622
-6.11068
-6.23542
-6.32321
-6.38915
-6.41404
-6.41288
-6.35345
-6.29873
-6.30525
-6.43921
-6.62528
-6.79146
-6.88253
-6.9429
-6.96891
-7.55916
-7.51575
-7.42664
-7.37435
-7.32039
-7.26774
-7.25391
-7.32735
-7.43023
-7.5074
-7.5111
-7.43472
-7.46544
-7.71679
-7.9427
-8.04314
-8.06121
-8.03257
-7.96968
-7.83557
-7.66676
-7.50156
-7.29998
-7.11185
-7.16971
-7.4423
-7.74171
-7.91877
-8.0298
-8.13441
-8.19919
-8.14105
-7.99405
-7.76165
-7.51439
-7.20852
-7.09184
-7.09666
-7.22593
-7.34043
-7.32952
-7.27344
-7.14406
-6.9745
-6.85422
-6.8743
-6.89002
-7.00448
-7.19145
-7.25339
-7.09964
-6.84714
-6.65313
-6.35583
-6.17854
-6.30029
-6.5832
-6.68804
-6.71472
-6.70303
-6.65267
-6.55097
-6.44237
-6.46992
-6.6619
-6.89698
-7.03526
-7.11927
-7.16482
-7.17405
-7.4521
-7.45272
-7.45503
-7.46432
-7.47676
-7.51313
-7.56529
-7.65181
-7.80762
-7.90128
-7.85397
-7.74561
-7.68554
-7.81362
-8.05344
-8.15888
-8.1825
-8.15972
-8.05057
-7.88674
-7.69014
-7.50641
-7.3672
-7.3469
-7.4935
-7.78642
-8.03861
-8.13519
-8.18196
-8.2092
-8.17177
-8.03502
-7.83352
-7.63262
-7.40665
-7.04874
-6.80292
-6.67259
-6.8047
-6.9723
-7.04926
-6.99551
-6.80855
-6.65641
-6.74059
-6.91907
-6.90759
-6.88715
-7.02817
-7.16673
-6.99643
-6.69347
-6.6415
-6.48657
-6.27194
-6.43015
-6.82227
-6.89846
-6.91101
-6.88025
-6.76263
-6.61127
-6.54446
-6.7079
-6.98816
-7.22931
-7.33271
-7.37014
-7.32422
-7.28311
-7.33832
-7.42263
-7.5571
-7.63542
-7.66482
-7.73084
-7.83247
-7.92482
-8.01978
-8.08012
-8.09552
-8.00132
-7.8553
-7.91343
-8.13297
-8.25379
-8.31005
-8.27794
-8.10827
-7.9063
-7.72558
-7.60754
-7.61449
-7.71607
-7.8903
-8.11903
-8.27354
-8.34548
-8.33157
-8.26801
-8.11575
-7.9493
-7.7434
-7.59129
-7.42084
-7.02353
-6.68239
-6.28278
-6.40759
-6.67198
-6.77999
-6.62238
-6.44492
-6.50713
-6.77254
-7.0022
-6.96443
-6.82106
-6.8539
-7.00123
-6.89949
-6.65936
-6.73446
-6.65496
-6.37331
-6.48495
-6.88475
-6.97847
-6.97357
-6.87107
-6.68796
-6.59851
-6.76841
-7.06545
-7.3632
-7.51848
-7.55083
-7.52118
-7.30896
-7.18722
-7.19657
-7.32897
-7.57384
-7.73203
-7.81127
-7.87147
-7.97331
-8.05001
-8.11887
-8.16876
-8.15341
-8.03078
-7.86871
-7.94171
-8.18305
-8.32938
-8.38889
-8.33961
-8.11314
-7.85823
-7.75044
-7.78633
-7.90215
-8.06151
-8.20598
-8.36818
-8.4712
-8.47077
-8.40332
-8.28199
-8.09428
-7.88663
-7.72236
-7.58004
-7.39463
-7.04485
-6.65054
-6.10603
-6.07303
-6.33413
-6.42985
-6.23944
-6.12557
-6.37796
-6.77984
-6.98958
-6.9055
-6.71188
-6.73031
-6.92766
-6.8432
-6.71763
-6.88044
-6.81918
-6.46596
-6.48342
-6.81001
-6.93266
-6.87142
-6.70798
-6.63531
-6.82625
-7.14347
-7.49087
-7.70465
-7.76067
-7.70616
-7.51591
-7.17404
-6.9986
-7.08693
-7.22631
-7.5118
-7.78624
-7.93555
-7.99674
-8.02934
-8.08285
-8.13338
-8.12213
-8.07221
-7.96469
-7.87007
-7.99262
-8.24935
-8.42726
-8.48029
-8.40575
-8.0971
-7.77272
-7.75301
-7.94842
-8.14475
-8.29278
-8.4197
-8.5285
-8.55801
-8.51468
-8.4254
-8.2576
-8.0486
-7.82302
-7.70235
-7.56147
-7.35557
-6.96315
-6.61419
-5.98903
-5.87087
-6.07393
-6.0902
-5.86344
-5.84908
-6.21227
-6.67906
-6.83491
-6.7243
-6.5824
-6.66454
-6.87176
-6.76587
-6.73439
-6.95874
-6.94174
-6.53685
-6.44826
-6.65636
-6.74495
-6.66042
-6.63694
-6.86259
-7.23837
-7.60693
-7.87526
-7.94236
-7.90106
-7.74091
-7.43312
-7.12725
-6.96161
-7.1499
-7.21752
-7.45599
-7.79592
-8.03103
-8.18434
-8.23492
-8.22628
-8.22177
-8.17329
-8.08821
-8.01518
-8.03515
-8.15746
-8.38546
-8.51744
-8.5537
-8.46464
-8.1234
-7.75031
-7.75877
-8.03376
-8.28182
-8.42749
-8.53373
-8.58494
-8.56742
-8.48688
-8.38581
-8.17305
-7.95107
-7.74325
-7.64556
-7.51329
-7.28902
-6.83551
-6.52779
-5.9943
-5.84921
-5.94056
-5.88807
-5.61887
-5.61841
-5.93296
-6.40337
-6.51276
-6.46241
-6.43985
-6.63294
-6.79909
-6.68694
-6.69123
-6.94463
-7.01711
-6.64719
-6.46083
-6.51746
-6.55411
-6.62203
-6.87401
-7.29194
-7.72175
-7.99343
-8.09974
-8.08198
-7.95453
-7.72689
-7.49903
-7.32514
-7.2794
-7.25605
-7.28706
-7.46009
-7.78913
-8.07989
-8.32638
-8.43935
-8.46918
-8.47094
-8.44217
-8.3811
-8.27978
-8.24162
-8.31684
-8.45759
-8.5731
-8.62872
-8.56273
-8.23984
-7.8026
-7.73571
-8.00846
-8.27495
-8.45601
-8.52133
-8.53277
-8.48231
-8.38908
-8.26572
-8.07525
-7.85878
-7.67976
-7.58385
-7.42366
-7.20706
-6.75945
-6.47939
-6.05715
-5.91916
-5.9506
-5.8513
-5.49521
-5.47398
-5.68859
-6.03268
-6.18849
-6.22297
-6.37881
-6.62903
-6.74764
-6.62592
-6.63732
-6.8911
-7.07898
-6.90341
-6.6875
-6.57721
-6.63963
-6.90001
-7.32615
-7.73557
-8.0625
-8.19898
-8.20077
-8.10444
-7.97265
-7.82396
-7.76839
-7.7291
-7.69931
-7.3218
-7.38332
-7.58176
-7.85352
-8.1625
-8.38714
-8.57407
-8.66314
-8.68999
-8.68491
-8.61014
-8.49248
-8.38356
-8.36741
-8.44277
-8.53502
-8.59515
-8.59169
-8.36142
-7.90805
-7.68258
-7.82934
-8.07206
-8.30324
-8.37915
-8.36317
-8.28615
-8.18785
-8.10273
-7.96874
-7.79613
-7.67566
-7.54594
-7.34207
-7.12386
-6.74954
-6.49776
-6.12794
-6.00964
-5.98008
-5.87375
-5.53607
-5.35991
-5.4831
-5.70119
-5.9128
-6.09421
-6.45819
-6.66336
-6.74088
-6.60072
-6.61653
-6.91895
-7.2195
-7.24217
-7.10597
-6.94833
-6.95193
-7.20453
-7.67834
-7.96936
-8.1756
-8.24236
-8.20068
-8.09288
-8.03078
-8.05996
-8.12819
-8.1608
-8.15888
-7.37547
-7.49594
-7.78212
-7.99974
-8.25524
-8.4135
-8.60378
-8.71512
-8.77709
-8.77038
-8.69122
-8.53893
-8.38269
-8.28045
-8.29794
-8.39172
-8.43354
-8.46545
-8.40795
-8.08366
-7.71912
-7.61403
-7.7809
-7.98556
-8.07465
-8.03427
-7.98495
-7.97151
-7.95206
-7.85757
-7.75472
-7.65001
-7.50598
-7.29035
-7.07371
-6.76719
-6.51703
-6.18505
-6.0583
-5.98074
-5.85428
-5.60399
-5.4156
-5.40936
-5.61964
-5.95505
-6.19927
-6.52126
-6.6945
-6.71364
-6.54034
-6.6236
-7.00822
-7.39535
-7.56644
-7.52044
-7.35091
-7.35815
-7.54924
-7.75561
-7.97232
-8.13436
-8.1769
-8.13383
-8.11548
-8.19691
-8.31646
-8.40676
-8.39123
-8.34465
-7.46147
-7.62983
-7.9511
-8.19352
-8.34213
-8.42416
-8.53254
-8.65928
-8.72435
-8.71932
-8.63542
-8.44876
-8.22478
-8.04451
-8.03252
-8.10483
-8.20288
-8.23201
-8.25155
-8.14747
-7.83086
-7.58613
-7.56484
-7.65712
-7.71
-7.69463
-7.70946
-7.80946
-7.86272
-7.80509
-7.7115
-7.59551
-7.4393
-7.23339
-7.0318
-6.74512
-6.52099
-6.14724
-6.04338
-5.92611
-5.78962
-5.58675
-5.49892
-5.551
-5.74981
-6.06338
-6.29499
-6.55329
-6.71317
-6.66319
-6.44749
-6.62643
-7.05731
-7.45028
-7.70587
-7.78889
-7.74215
-7.65122
-7.65342
-7.74161
-7.87111
-7.96154
-8.01005
-8.06945
-8.21453
-8.39404
-8.51081
-8.52601
-8.45359
-8.38693
-7.58219
-7.77142
-8.10852
-8.35552
-8.44871
-8.44353
-8.41593
-8.48387
-8.55052
-8.53827
-8.44529
-8.23865
-7.96533
-7.72934
-7.67354
-7.72707
-7.81904
-7.90232
-7.92026
-7.89289
-7.80092
-7.6679
-7.58501
-7.52758
-7.43653
-7.38385
-7.51013
-7.68656
-7.76399
-7.73739
-7.63069
-7.50345
-7.33663
-7.13022
-6.9559
-6.67341
-6.46034
-6.07546
-5.98723
-5.82071
-5.67232
-5.5241
-5.53437
-5.60307
-5.8003
-6.09213
-6.34002
-6.56969
-6.71509
-6.61634
-6.39232
-6.60237
-7.06747
-7.46203
-7.73521
-7.85794
-7.87147
-7.79716
-7.69292
-7.65317
-7.62975
-7.69166
-7.87252
-8.10662
-8.34842
-8.51087
-8.57955
-8.54355
-8.41473
-8.33554
-7.75592
-7.96176
-8.32622
-8.59366
-8.63129
-8.50915
-8.36372
-8.31007
-8.28443
-8.22872
-8.13591
-7.94431
-7.70189
-7.48323
-7.39914
-7.41342
-7.49815
-7.52949
-7.59866
-7.62553
-7.62469
-7.65972
-7.66503
-7.55972
-7.36799
-7.25865
-7.39332
-7.54797
-7.60419
-7.58818
-7.47359
-7.31827
-7.17804
-6.9619
-6.80249
-6.57953
-6.33788
-5.9916
-5.84691
-5.68342
-5.55912
-5.46701
-5.52725
-5.60688
-5.80907
-6.05828
-6.34455
-6.57088
-6.71048
-6.60341
-6.37546
-6.54301
-6.99848
-7.42631
-7.72957
-7.88044
-7.93549
-7.88469
-7.73658
-7.57653
-7.43528
-7.52623
-7.82984
-8.20105
-8.43525
-8.56365
-8.5873
-8.52625
-8.35789
-8.26729
-7.95442
-8.11805
-8.48016
-8.72628
-8.77737
-8.64218
-8.43535
-8.28841
-8.18429
-8.0061
-7.86067
-7.70727
-7.589
-7.49832
-7.42188
-7.38148
-7.37952
-7.31492
-7.27478
-7.32823
-7.42592
-7.53995
-7.58938
-7.53245
-7.34636
-7.22359
-7.30122
-7.39674
-7.43988
-7.4077
-7.30142
-7.11668
-6.95015
-6.77342
-6.65784
-6.47501
-6.23897
-5.97256
-5.86383
-5.69515
-5.62431
-5.52475
-5.52366
-5.58639
-5.79578
-6.03363
-6.31629
-6.54335
-6.66554
-6.62878
-6.41196
-6.47611
-6.9061
-7.40783
-7.7307
-7.90996
-7.99508
-7.94853
-7.81894
-7.58542
-7.42139
-7.52243
-7.85865
-8.23832
-8.435
-8.53884
-8.54644
-8.48197
-8.33728
-8.22867
-8.09513
-8.25916
-8.57571
-8.81564
-8.85707
-8.74292
-8.57442
-8.39724
-8.24596
-8.01963
-7.8137
-7.66554
-7.60626
-7.56908
-7.52845
-7.51338
-7.48414
-7.33263
-7.27149
-7.26709
-7.31002
-7.42294
-7.49024
-7.44102
-7.31177
-7.2586
-7.31924
-7.37925
-7.39418
-7.32595
-7.18468
-7.04459
-6.89559
-6.79497
-6.67573
-6.53625
-6.35974
-6.14722
-6.16084
-5.9998
-5.9043
-5.77188
-5.69747
-5.73155
-5.82101
-5.97624
-6.24486
-6.42977
-6.604
-6.63791
-6.45281
-6.42076
-6.79181
-7.34375
-7.71183
-7.92977
-8.02991
-8.02043
-7.90628
-7.70292
-7.50532
-7.57002
-7.86994
-8.17311
-8.34711
-8.43677
-8.44352
-8.40818
-8.27761
-8.17533
-8.22358
-8.36034
-8.61002
-8.82951
-8.87292
-8.78132
-8.63292
-8.48952
-8.31009
-8.15183
-7.90506
-7.76651
-7.64183
-7.57669
-7.53854
-7.54686
-7.51231
-7.35106
-7.27941
-7.28644
-7.308
-7.40174
-7.44255
-7.37425
-7.29365
-7.3085
-7.39456
-7.4561
-7.45775
-7.39742
-7.25911
-7.17748
-7.08743
-7.03019
-6.92857
-6.75333
-6.68145
-6.54704
-6.4778
-6.39886
-6.27231
-6.16801
-6.10554
-6.04762
-5.98229
-5.9843
-6.15825
-6.32625
-6.53301
-6.58071
-6.45651
-6.40749
-6.72201
-7.23811
-7.64014
-7.89597
-8.03868
-8.11167
-8.03113
-7.87048
-7.63851
-7.60086
-7.77473
-8.01432
-8.17291
-8.26613
-8.28379
-8.25775
-8.16917
-8.11238
-8.26381
-8.38127
-8.64106
-8.83907
-8.87009
-8.79226
-8.63066
-8.50252
-8.34972
-8.21041
-7.93481
-7.80869
-7.64159
-7.57122
-7.5283
-7.53418
-7.49074
-7.34719
-7.26105
-7.29382
-7.32814
-7.41661
-7.44183
-7.36682
-7.28491
-7.31945
-7.41448
-7.48625
-7.50072
-7.45378
-7.34185
-7.26143
-7.21109
-7.1523
-7.08551
-6.88806
-6.7934
-6.67044
-6.63489
-6.58121
-6.47286
-6.35812
-6.28277
-6.16164
-6.10569
-6.08152
-6.11049
-6.30949
-6.52167
-6.56014
-6.45024
-6.40651
-6.71926
-7.20533
-7.59855
-7.86593
-8.03724
-8.14646
-8.12834
-7.92646
-7.75292
-7.63453
-7.72744
-7.92074
-8.08909
-8.18003
-8.20204
-8.17622
-8.10158
-8.05889
