60 60
1
-7.04167
-7.57472
-7.69846
-7.78718
-8.00931
-8.17905
-8.29249
-8.40923
-8.48499
-8.50631
-8.49993
-8.48205
-8.43274
-8.41008
-8.3617
-8.31847
-8.17977
-7.95234
-7.59417
-7.29835
-7.22273
-7.20902
-7.09583
-7.00762
-6.95262
-6.87497
-6.81208
-6.70972
-6.83233
-7.00821
-7.43794
-7.60131
-7.81502
-7.77229
-7.68596
-7.5106
-7.2288
-6.74286
-6.437
-6.27763
-6.39421
-6.58943
-6.68672
-6.79422
-6.906
-7.06982
-7.12588
-7.09347
-7.06365
-7.22041
-7.54553
-7.81824
-7.94732
-8.00272
-8.23994
-8.43684
-8.52156
-8.53526
-8.47864
-8.41624
-7.14778
-7.51883
-7.61679
-7.75046
-7.94967
-8.11257
-8.26252
-8.38393
-8.46214
-8.51182
-8.53256
-8.54054
-8.5325
-8.49942
-8.49846
-8.44281
-8.33217
-8.13482
-7.80965
-7.43088
-7.20332
-7.15596
-7.11879
-7.08142
-7.04026
-6.95162
-6.85254
-6.80164
-6.90066
-7.15743
-7.51356
-7.72542
-7.8455
-7.83235
-7.74621
-7.54701
-7.20446
-6.74708
-6.39771
-6.30388
-6.4496
-6.60436
-6.69079
-6.768
-6.87002
-6.99974
-7.04333
-7.0046
-7.00019
-7.25877
-7.59155
-7.85623
-8.05417
-8.03696
-8.22746
-8.45747
-8.63181
-8.64172
-8.57549
-8.48803
-7.11293
-7.42125
-7.519
-7.65818
-7.83462
-8.01196
-8.17013
-8.32153
-8.40679
-8.47562
-8.527
-8.56627
-8.59849
-8.60887
-8.60011
-8.55643
-8.45054
-8.29572
-8.04147
-7.68315
-7.32018
-7.09376
-7.03541
-7.05952
-7.0517
-6.99904
-6.90752
-6.90555
-7.05661
-7.31848
-7.66597
-7.83249
-7.911
-7.8879
-7.77002
-7.56714
-7.17689
-6.76629
-6.33638
-6.32406
-6.48664
-6.60246
-6.69346
-6.7554
-6.83286
-6.91673
-6.93506
-6.89744
-7.02331
-7.37304
-7.70038
-7.97877
-8.0961
-8.10257
-8.22143
-8.4709
-8.69024
-8.74205
-8.68968
-8.61409
-7.0319
-7.32796
-7.4125
-7.59784
-7.73639
-7.93799
-8.11949
-8.20273
-8.30012
-8.38662
-8.43902
-8.48812
-8.53774
-8.56905
-8.57541
-8.56063
-8.47032
-8.32968
-8.12774
-7.86405
-7.49057
-7.09969
-6.86734
-6.77822
-6.76882
-6.78139
-6.77156
-6.8364
-7.05992
-7.28609
-7.671
-7.80926
-7.88359
-7.87
-7.77779
-7.53427
-7.21587
-6.80849
-6.4437
-6.30384
-6.38317
-6.49189
-6.58777
-6.72307
-6.81732
-6.88954
-6.89655
-6.85355
-7.09996
-7.48024
-7.85798
-8.05295
-8.146
-8.13608
-8.20357
-8.4628
-8.70583
-8.78229
-8.74437
-8.66268
-6.9405
-7.22135
-7.30303
-7.49573
-7.65352
-7.84705
-7.9901
-8.06887
-8.14279
-8.24696
-8.27522
-8.31137
-8.38649
-8.42547
-8.46265
-8.47096
-8.41385
-8.31432
-8.1319
-7.95283
-7.65313
-7.33605
-7.03791
-6.80726
-6.65791
-6.58535
-6.56274
-6.63591
-6.83977
-7.10865
-7.50709
-7.6906
-7.82882
-7.8292
-7.75355
-7.57033
-7.33977
-7.0208
-6.72347
-6.47037
-6.35933
-6.34014
-6.479
-6.61508
-6.79318
-6.90863
-6.93131
-6.90506
-7.14582
-7.53151
-7.91396
-8.10187
-8.17857
-8.11331
-8.13595
-8.40887
-8.67742
-8.76179
-8.71532
-8.61625
-6.8488
-7.12384
-7.20618
-7.39972
-7.56107
-7.70484
-7.81795
-7.87667
-7.97744
-8.00457
-8.05337
-8.11928
-8.17322
-8.21129
-8.26766
-8.30455
-8.29597
-8.16778
-8.09334
-7.95949
-7.76633
-7.48194
-7.24368
-6.99462
-6.79721
-6.70206
-6.67883
-6.78353
-6.81701
-6.94934
-7.23208
-7.49281
-7.76484
-7.81266
-7.7763
-7.67776
-7.54401
-7.32679
-7.13332
-6.79717
-6.6421
-6.43194
-6.35051
-6.48068
-6.67838
-6.92056
-7.03837
-7.04882
-7.15917
-7.45966
-7.8397
-8.09558
-8.12598
-8.05186
-8.0598
-8.36448
-8.58369
-8.66121
-8.6053
-8.52492
-6.75122
-7.04634
-7.12711
-7.2729
-7.42457
-7.55389
-7.6327
-7.67484
-7.70626
-7.6866
-7.76432
-7.85068
-7.89485
-7.95009
-8.00056
-8.07825
-8.06539
-7.92909
-7.91159
-7.82913
-7.63597
-7.4995
-7.27091
-7.07401
-6.83579
-6.7695
-6.80922
-6.91874
-6.9956
-6.98225
-7.00067
-7.27544
-7.6574
-7.80747
-7.86747
-7.83738
-7.75434
-7.62789
-7.43217
-7.2876
-6.98479
-6.6892
-6.42055
-6.35732
-6.61042
-6.97857
-7.18737
-7.24225
-7.25821
-7.41292
-7.72683
-7.96103
-7.97844
-7.88477
-7.9942
-8.27478
-8.47106
-8.48587
-8.375
-8.27555
-6.65802
-6.90728
-7.00804
-7.16143
-7.27046
-7.36678
-7.36497
-7.41499
-7.38805
-7.46011
-7.62928
-7.72648
-7.76412
-7.7719
-7.78628
-7.81411
-7.90496
-7.86619
-7.68217
-7.55284
-7.47206
-7.42042
-7.38981
-7.2327
-7.02386
-7.01261
-6.95788
-7.02
-7.04299
-6.92769
-6.85061
-7.09175
-7.54813
-7.81655
-7.96742
-8.01735
-7.93982
-7.81803
-7.66483
-7.44654
-7.21466
-6.94706
-6.62314
-6.41771
-6.5725
-6.95274
-7.31102
-7.46194
-7.49834
-7.55631
-7.70167
-7.86332
-7.85527
-7.87877
-8.08422
-8.29925
-8.3728
-8.34696
-8.16448
-8.01902
-6.57096
-6.83282
-6.9142
-7.05528
-7.12925
-7.12442
-7.16697
-7.12569
-7.24355
-7.3894
-7.61868
-7.73145
-7.74973
-7.73263
-7.69432
-7.70042
-7.70673
-7.65946
-7.59921
-7.51104
-7.45276
-7.44882
-7.4794
-7.44992
-7.38401
-7.19703
-7.0852
-7.05598
-7.05073
-6.85689
-6.80704
-7.1577
-7.60359
-7.92351
-8.11024
-8.13408
-8.03065
-7.88192
-7.72964
-7.4923
-7.2269
-6.91408
-6.6291
-6.48134
-6.70062
-7.14223
-7.39787
-7.59209
-7.72968
-7.81527
-7.89283
-7.9746
-8.02643
-8.05971
-8.20627
-8.35019
-8.39366
-8.2809
-8.04304
-7.81717
-6.50478
-6.76045
-6.84449
-6.9123
-6.95053
-6.90635
-6.94411
-7.0781
-7.24539
-7.55078
-7.67829
-7.79405
-7.78574
-7.76391
-7.71852
-7.67792
-7.63726
-7.62107
-7.58338
-7.54626
-7.52379
-7.55042
-7.57784
-7.58329
-7.51375
-7.3685
-7.16133
-7.00137
-6.95968
-6.82446
-6.85735
-7.22815
-7.75417
-8.05911
-8.18238
-8.1579
-8.05044
-7.89246
-7.70109
-7.41523
-7.07532
-6.68779
-6.50523
-6.56268
-6.85092
-7.1702
-7.4679
-7.69141
-7.87277
-7.98145
-8.0977
-8.17874
-8.25342
-8.31263
-8.44125
-8.5172
-8.47939
-8.33319
-8.06273
-7.83868
-6.42508
-6.73151
-6.7643
-6.72969
-6.65818
-6.82675
-6.91374
-7.20509
-7.46643
-7.6107
-7.73823
-7.79826
-7.81472
-7.78975
-7.74339
-7.69402
-7.64306
-7.61756
-7.60024
-7.58828
-7.61597
-7.63078
-7.66634
-7.66338
-7.5298
-7.36248
-7.08357
-6.82373
-6.72001
-6.6576
-6.96973
-7.33783
-7.9152
-8.13775
-8.19149
-8.1466
-8.02067
-7.84211
-7.59032
-7.25558
-6.87404
-6.56515
-6.52442
-6.7835
-7.03683
-7.30738
-7.5286
-7.73105
-7.90642
-8.05197
-8.17153
-8.27974
-8.37265
-8.44984
-8.54244
-8.60565
-8.57051
-8.42569
-8.16308
-7.97444
-6.31731
-6.59925
-6.59194
-6.50803
-6.57628
-6.81279
-7.11492
-7.37386
-7.60072
-7.70931
-7.7906
-7.83694
-7.83618
-7.80011
-7.75922
-7.71073
-7.66365
-7.62801
-7.6168
-7.62758
-7.65781
-7.69447
-7.71168
-7.67649
-7.51871
-7.2169
-6.9001
-6.57758
-6.52172
-6.66733
-7.12959
-7.52511
-7.9985
-8.12086
-8.12783
-8.05735
-7.88168
-7.67423
-7.36152
-7.00909
-6.69794
-6.65195
-6.7467
-6.9024
-7.13155
-7.34835
-7.54756
-7.72753
-7.89536
-8.05876
-8.18397
-8.31455
-8.39277
-8.47282
-8.55045
-8.62658
-8.61578
-8.46064
-8.21557
-8.04879
-6.25391
-6.36743
-6.40948
-6.57059
-6.76908
-7.0029
-7.33295
-7.54191
-7.69597
-7.78745
-7.83693
-7.8524
-7.84924
-7.81871
-7.78351
-7.7389
-7.6772
-7.62367
-7.61199
-7.62843
-7.65975
-7.68239
-7.67764
-7.63464
-7.43434
-7.13115
-6.72528
-6.5239
-6.57249
-6.80664
-7.33896
-7.66459
-7.96651
-7.96918
-7.99363
-7.87342
-7.69073
-7.40305
-7.05566
-6.81466
-6.71294
-6.7856
-6.87778
-6.98598
-7.14084
-7.32746
-7.51455
-7.70416
-7.85042
-8.01744
-8.14861
-8.25304
-8.30698
-8.35257
-8.38195
-8.51625
-8.57918
-8.48803
-8.24959
-8.07926
-6.33928
-6.45485
-6.70741
-6.77267
-7.07021
-7.27162
-7.47616
-7.62517
-7.70943
-7.79943
-7.82547
-7.81924
-7.80799
-7.80118
-7.78668
-7.74967
-7.67622
-7.60811
-7.55873
-7.5579
-7.57985
-7.59981
-7.58054
-7.51637
-7.3286
-7.06347
-6.75769
-6.64113
-6.78847
-7.12752
-7.50803
-7.69581
-7.8189
-7.84186
-7.77675
-7.63845
-7.37457
-7.06476
-6.77114
-6.75072
-6.80913
-6.88005
-6.90927
-6.96919
-7.10628
-7.30313
-7.49345
-7.67904
-7.81512
-7.93272
-8.00691
-8.01915
-8.01962
-7.94977
-7.9609
-8.09559
-8.18932
-8.36344
-8.25773
-8.10832
-6.57409
-6.87887
-6.91578
-7.11926
-7.31663
-7.44952
-7.56509
-7.61999
-7.69904
-7.74801
-7.76848
-7.76143
-7.76288
-7.75393
-7.7525
-7.71034
-7.67655
-7.59211
-7.51684
-7.49339
-7.48301
-7.48335
-7.42929
-7.344
-7.21387
-7.04333
-6.8748
-6.86228
-7.14409
-7.29832
-7.53648
-7.62572
-7.65207
-7.6241
-7.4984
-7.28754
-6.93575
-6.72961
-6.69624
-6.77905
-6.84841
-6.84626
-6.83164
-6.87814
-7.06598
-7.28491
-7.47055
-7.64036
-7.73437
-7.78475
-7.82326
-7.84126
-7.80752
-7.71993
-7.67594
-7.67273
-7.74477
-7.97091
-8.09176
-8.03627
-6.79173
-7.25519
-7.27575
-7.34952
-7.43829
-7.48208
-7.53705
-7.59056
-7.64118
-7.66283
-7.64291
-7.65178
-7.64885
-7.66953
-7.68457
-7.67289
-7.61819
-7.52946
-7.43073
-7.39549
-7.33128
-7.29398
-7.18871
-7.14278
-7.08722
-7.02796
-6.98094
-7.06012
-7.20916
-7.3747
-7.49887
-7.51283
-7.49193
-7.3706
-7.10013
-6.87331
-6.49356
-6.53934
-6.65372
-6.74522
-6.75481
-6.70107
-6.68291
-6.80977
-7.00902
-7.20685
-7.42521
-7.55194
-7.61096
-7.62351
-7.6248
-7.68138
-7.7468
-7.81945
-7.86532
-7.85951
-7.69787
-7.62057
-7.70287
-7.8441
-6.87462
-7.22718
-7.28675
-7.36566
-7.41732
-7.42066
-7.43991
-7.48378
-7.53411
-7.48857
-7.4861
-7.52175
-7.55281
-7.58352
-7.59179
-7.55948
-7.50684
-7.32836
-7.25914
-7.14096
-7.05887
-6.85661
-6.90085
-6.91322
-6.9778
-7.0226
-7.04781
-7.15078
-7.30629
-7.40458
-7.45547
-7.421
-7.24751
-7.00382
-6.69323
-6.44899
-6.35125
-6.46427
-6.53958
-6.48628
-6.53501
-6.49029
-6.50351
-6.6687
-6.87995
-7.08222
-7.33768
-7.45314
-7.47313
-7.44988
-7.44665
-7.57782
-7.8152
-8.01358
-8.10625
-8.10895
-7.92104
-7.63305
-7.52622
-7.60174
-6.80399
-7.13384
-7.21148
-7.28889
-7.31872
-7.29146
-7.271
-7.29492
-7.31504
-7.32739
-7.32787
-7.36454
-7.41616
-7.45478
-7.48394
-7.47433
-7.3725
-7.15688
-6.97706
-6.83426
-6.79309
-6.82443
-6.74928
-6.73641
-6.87416
-7.01838
-7.09817
-7.18653
-7.31589
-7.38209
-7.36236
-7.21404
-6.90691
-6.59342
-6.33197
-6.19902
-6.25607
-6.31063
-6.28664
-6.2196
-6.142
-6.1636
-6.25672
-6.43387
-6.66696
-6.94738
-7.20485
-7.31144
-7.27355
-7.23827
-7.32725
-7.62883
-7.96377
-8.18674
-8.33726
-8.35425
-8.14996
-7.86286
-7.59111
-7.52136
-6.63915
-6.96055
-7.05133
-7.15548
-7.19771
-7.13342
-7.03047
-7.05477
-7.13865
-7.17914
-7.19707
-7.20594
-7.23038
-7.30059
-7.35076
-7.32152
-7.18986
-7.0119
-6.75106
-6.59822
-6.73985
-6.8579
-6.86191
-6.7721
-6.80846
-6.97718
-7.10355
-7.17667
-7.25913
-7.30727
-7.14195
-6.8735
-6.52226
-6.23547
-6.05834
-6.09327
-6.10538
-5.99145
-5.94972
-5.79297
-5.78175
-5.9728
-6.10567
-6.21463
-6.36196
-6.76915
-7.04337
-7.13565
-7.06329
-7.0692
-7.37462
-7.75936
-8.1138
-8.34191
-8.47131
-8.49403
-8.34203
-8.03228
-7.68574
-7.49841
-6.40464
-6.67928
-6.81337
-6.94667
-7.04306
-6.9616
-6.87405
-6.87592
-6.97043
-7.04758
-7.10621
-7.11487
-7.12404
-7.19068
-7.25662
-7.23755
-7.03973
-6.78901
-6.53308
-6.53645
-6.7842
-6.98063
-7.02678
-6.92685
-6.81191
-6.89256
-7.02182
-7.10063
-7.1742
-7.17819
-6.90072
-6.56691
-6.18377
-5.99401
-5.98381
-5.95123
-5.70207
-5.71172
-5.6818
-5.81143
-6.03612
-6.22208
-6.35568
-6.3427
-6.39133
-6.63309
-6.82845
-6.95731
-7.02903
-7.23245
-7.57175
-7.98353
-8.25695
-8.46125
-8.55697
-8.53778
-8.38858
-8.07571
-7.70808
-7.47429
-6.14319
-6.36202
-6.51851
-6.71051
-6.836
-6.85284
-6.84704
-6.88513
-6.97993
-7.06537
-7.109
-7.09955
-7.05736
-7.08886
-7.1621
-7.15918
-6.93662
-6.6498
-6.40949
-6.53715
-6.81994
-7.04202
-7.1213
-7.05494
-6.89273
-6.80597
-6.87913
-6.99323
-7.08747
-7.10424
-6.68094
-6.31822
-5.97166
-5.91548
-5.89197
-5.77858
-5.77509
-5.85034
-6.02025
-6.27211
-6.54117
-6.68256
-6.74579
-6.70643
-6.68756
-6.81193
-6.97752
-7.07362
-7.24901
-7.542
-7.89605
-8.18313
-8.43127
-8.55289
-8.58773
-8.53133
-8.35425
-8.0271
-7.66954
-7.46016
-5.96424
-6.05113
-6.18916
-6.40404
-6.65149
-6.87707
-6.95098
-7.01851
-7.0941
-7.14615
-7.16149
-7.12826
-7.04809
-7.03164
-7.09176
-7.11285
-6.93113
-6.54508
-6.30045
-6.53414
-6.86988
-7.08255
-7.22383
-7.2055
-7.04974
-6.83416
-6.75831
-6.88812
-7.02077
-6.97623
-6.61819
-6.37155
-6.16577
-6.1705
-6.00802
-6.00835
-6.14162
-6.3914
-6.59809
-6.7885
-7.04156
-7.18056
-7.21521
-7.13555
-7.13811
-7.22112
-7.25139
-7.36589
-7.5608
-7.81293
-8.08073
-8.31469
-8.48351
-8.55746
-8.55576
-8.46245
-8.25235
-7.96362
-7.72564
-7.64205
-5.89573
-6.10813
-6.11054
-6.33572
-6.59925
-6.87575
-7.08173
-7.20174
-7.26664
-7.28539
-7.25567
-7.16288
-7.07902
-7.0106
-7.07192
-7.08883
-6.96633
-6.63541
-6.37169
-6.54501
-6.87401
-7.13674
-7.2852
-7.35745
-7.25931
-7.05645
-7.00813
-7.0803
-7.19901
-7.13737
-6.91228
-6.75423
-6.55838
-6.478
-6.5324
-6.57366
-6.75818
-6.98305
-7.16328
-7.43345
-7.53011
-7.58265
-7.54149
-7.51838
-7.54118
-7.57357
-7.57523
-7.67514
-7.76252
-7.95303
-8.15356
-8.34778
-8.46077
-8.49192
-8.46054
-8.3655
-8.16424
-7.96641
-7.83816
-7.77616
-5.89667
-6.19603
-6.22239
-6.47664
-6.81419
-7.09021
-7.34187
-7.41736
-7.44046
-7.44138
-7.38367
-7.25862
-7.12643
-7.01627
-7.03552
-7.07878
-7.01276
-6.80488
-6.54463
-6.62473
-6.90449
-7.16036
-7.31087
-7.4347
-7.47348
-7.39356
-7.38345
-7.5095
-7.567
-7.55744
-7.33315
-7.22035
-7.02688
-6.9384
-6.99102
-7.12194
-7.30861
-7.48497
-7.62847
-7.76687
-7.85568
-7.86104
-7.8459
-7.86569
-7.83257
-7.83727
-7.81227
-7.89518
-7.92486
-8.05835
-8.19655
-8.31741
-8.36129
-8.39457
-8.34718
-8.21759
-8.06682
-7.93158
-7.85535
-7.82767
-5.89624
-6.12802
-6.27186
-6.61448
-6.96723
-7.25363
-7.45186
-7.57061
-7.60152
-7.57274
-7.52293
-7.37773
-7.15965
-7.03345
-7.01232
-7.06002
-7.03183
-6.90261
-6.70569
-6.6652
-6.88291
-7.12509
-7.29934
-7.45446
-7.63982
-7.70648
-7.80512
-7.98033
-7.93422
-7.86324
-7.70083
-7.601
-7.3674
-7.24037
-7.34089
-7.49696
-7.69285
-7.86109
-7.92581
-8.01772
-8.06866
-8.06462
-8.0296
-8.05938
-8.09396
-8.06396
-8.0351
-8.07816
-8.09986
-8.16756
-8.20638
-8.24054
-8.23372
-8.17868
-8.06169
-8.0172
-7.90582
-7.82466
-7.77575
-7.7568
-5.94052
-6.07219
-6.22509
-6.56973
-7.02639
-7.33448
-7.53852
-7.64619
-7.70995
-7.70014
-7.64127
-7.47282
-7.26129
-7.04919
-6.99594
-7.03181
-7.03502
-6.96533
-6.84213
-6.7139
-6.74388
-6.94974
-7.22623
-7.42799
-7.63567
-7.88753
-8.0161
-8.12389
-8.15235
-8.13591
-7.98526
-7.86426
-7.64958
-7.46276
-7.61983
-7.77492
-7.93406
-8.03824
-8.102
-8.15784
-8.18546
-8.15026
-8.14314
-8.17995
-8.20153
-8.20742
-8.22782
-8.23986
-8.2299
-8.19903
-8.14102
-8.03299
-8.03724
-7.98331
-7.86164
-7.76534
-7.75846
-7.7264
-7.68364
-7.64058
-6.07709
-6.30073
-6.33751
-6.5436
-6.92231
-7.27547
-7.57932
-7.68163
-7.744
-7.74445
-7.6991
-7.54002
-7.33797
-7.06568
-7.008
-7.03555
-7.10813
-7.04795
-6.94687
-6.82363
-6.70081
-6.73108
-6.9335
-7.25524
-7.57594
-7.92096
-8.13334
-8.31559
-8.3512
-8.36114
-8.22333
-8.04848
-7.79837
-7.68691
-7.78239
-7.92937
-8.0507
-8.15271
-8.18758
-8.19558
-8.16994
-8.11148
-8.12068
-8.17186
-8.21654
-8.25516
-8.29869
-8.28945
-8.21391
-8.10279
-7.99051
-7.87969
-7.80765
-7.77004
-7.72061
-7.64705
-7.64799
-7.62299
-7.55773
-7.50168
-6.27654
-6.58942
-6.61312
-6.66085
-6.80392
-7.07998
-7.39861
-7.60577
-7.69632
-7.71708
-7.6867
-7.51039
-7.3471
-7.10738
-7.03828
-7.10096
-7.20297
-7.19095
-7.11404
-7.00216
-6.94942
-6.92055
-6.90185
-7.09401
-7.44512
-7.8127
-8.13798
-8.42272
-8.51851
-8.5222
-8.423
-8.25614
-8.00103
-7.85974
-7.89742
-8.02846
-8.10337
-8.14419
-8.13864
-8.06766
-8.03251
-7.97047
-8.00504
-8.09049
-8.17187
-8.22999
-8.25616
-8.20736
-8.10068
-7.93641
-7.76408
-7.70092
-7.67957
-7.65563
-7.59804
-7.55057
-7.50072
-7.43779
-7.37485
-7.26555
-6.46309
-6.76627
-6.90513
-6.92602
-6.85263
-6.91149
-7.15909
-7.42379
-7.56172
-7.58081
-7.48972
-7.47565
-7.32582
-7.10646
-7.07024
-7.12305
-7.22838
-7.24577
-7.21017
-7.16784
-7.1861
-7.25072
-7.41118
-7.38321
-7.46827
-7.76095
-8.18815
-8.44955
-8.62376
-8.64554
-8.55808
-8.40023
-8.16713
-8.00692
-7.96954
-7.97717
-8.02692
-7.94391
-7.91472
-7.82462
-7.73069
-7.7793
-7.81732
-7.95038
-8.08612
-8.12995
-8.12635
-8.02343
-7.89946
-7.63116
-7.56531
-7.55755
-7.5426
-7.51624
-7.45566
-7.3134
-7.26787
-7.22375
-7.16202
-7.15502
-6.60388
-6.9089
-6.95606
-7.08182
-7.03398
-6.96525
-6.99925
-7.15471
-7.31633
-7.44447
-7.4175
-7.35995
-7.23181
-7.04403
-7.00645
-7.0198
-7.07164
-7.13228
-7.16648
-7.22207
-7.31828
-7.43873
-7.58761
-7.65601
-7.75113
-7.90988
-8.1949
-8.41074
-8.58276
-8.6713
-8.62397
-8.49978
-8.30111
-8.10311
-7.96621
-7.87333
-7.75407
-7.63824
-7.53264
-7.44417
-7.46671
-7.53051
-7.64518
-7.83239
-7.98801
-8.03989
-7.98451
-7.84377
-7.66129
-7.42551
-7.33405
-7.36433
-7.32175
-7.29367
-7.21225
-7.11905
-7.05303
-7.01419
-6.96422
-6.96578
-6.70765
-7.01361
-7.08951
-7.24831
-7.28645
-7.25971
-7.22988
-7.19878
-7.261
-7.35862
-7.36286
-7.24297
-6.99005
-6.72696
-6.6787
-6.65286
-6.61368
-6.635
-6.68001
-6.86483
-7.04694
-7.3091
-7.62908
-7.83228
-7.98539
-8.09554
-8.23596
-8.40783
-8.58061
-8.65163
-8.6499
-8.566
-8.40141
-8.17715
-7.95306
-7.73313
-7.53663
-7.4278
-7.33208
-7.29374
-7.26275
-7.24651
-7.39158
-7.62107
-7.82336
-7.91223
-7.86851
-7.7311
-7.44584
-7.13956
-6.96507
-6.97157
-6.98799
-6.90763
-6.77224
-6.69323
-6.69578
-6.71625
-6.69771
-6.67426
-6.768
-7.08938
-7.1813
-7.31024
-7.36409
-7.38984
-7.38833
-7.3691
-7.43722
-7.47906
-7.49828
-7.37465
-7.09345
-6.69403
-6.56352
-6.66381
-6.70907
-6.64854
-6.60782
-6.66384
-6.80717
-7.07964
-7.4643
-7.7724
-7.9962
-8.11255
-8.20733
-8.35132
-8.53453
-8.63041
-8.64038
-8.56661
-8.41084
-8.20794
-8.00371
-7.79778
-7.63275
-7.50242
-7.42055
-7.3543
-7.2993
-7.25428
-7.33487
-7.53985
-7.73025
-7.83127
-7.81342
-7.7003
-7.42146
-7.04929
-6.70929
-6.59699
-6.58059
-6.52455
-6.43977
-6.40886
-6.4376
-6.45958
-6.44704
-6.43759
-6.78519
-7.08957
-7.20328
-7.29137
-7.35731
-7.40678
-7.45876
-7.51742
-7.59609
-7.65129
-7.67124
-7.5503
-7.22797
-6.81832
-6.53873
-6.69038
-6.92611
-6.97062
-6.88879
-6.83175
-6.74988
-6.82455
-7.16209
-7.47876
-7.78967
-8.00239
-8.12233
-8.26135
-8.44253
-8.59037
-8.61712
-8.56491
-8.43177
-8.26092
-8.08923
-7.88465
-7.71013
-7.57033
-7.45678
-7.37905
-7.31424
-7.28799
-7.39591
-7.57954
-7.7342
-7.81578
-7.82485
-7.73935
-7.5348
-7.10777
-6.64441
-6.25348
-6.05516
-5.94331
-5.95634
-6.03743
-6.11688
-6.17894
-6.14117
-6.07073
-6.75981
-7.05982
-7.13742
-7.17153
-7.20899
-7.29479
-7.37043
-7.48008
-7.53456
-7.62237
-7.65669
-7.61683
-7.37826
-6.95613
-6.56037
-6.60059
-6.90885
-7.09177
-7.14364
-7.14327
-7.07831
-6.96513
-6.96584
-7.19555
-7.53757
-7.70571
-7.87707
-8.13323
-8.34198
-8.54477
-8.58914
-8.5528
-8.42696
-8.27736
-8.07888
-7.89495
-7.68541
-7.52417
-7.38881
-7.31687
-7.28301
-7.34991
-7.49494
-7.67682
-7.80757
-7.87637
-7.86198
-7.7675
-7.57842
-7.2489
-6.81661
-6.39514
-6.04713
-5.84868
-5.82071
-5.90724
-6.01426
-6.0575
-6.04176
-6.01935
-6.69721
-7.00108
-6.99644
-6.98331
-6.99756
-7.05262
-7.10536
-7.19987
-7.33168
-7.45811
-7.5345
-7.53596
-7.43046
-7.1256
-6.69623
-6.50045
-6.73354
-6.99615
-7.15248
-7.27454
-7.35724
-7.36008
-7.29361
-7.26727
-7.34666
-7.51616
-7.74406
-8.04618
-8.33806
-8.48088
-8.51438
-8.47826
-8.35368
-8.216
-8.0115
-7.81921
-7.61329
-7.4453
-7.32519
-7.29226
-7.34072
-7.4475
-7.59049
-7.72987
-7.85707
-7.90422
-7.88118
-7.76371
-7.56954
-7.34079
-6.99486
-6.66626
-6.34074
-6.08246
-5.95405
-5.9655
-5.98504
-5.98261
-5.9368
-5.87945
-6.63458
-6.86001
-6.84086
-6.79017
-6.77046
-6.72111
-6.73276
-6.81445
-6.95859
-7.13156
-7.28808
-7.35463
-7.35987
-7.18369
-6.79751
-6.47588
-6.52998
-6.80285
-7.07699
-7.23291
-7.40424
-7.5866
-7.68186
-7.68228
-7.70752
-7.75832
-7.92508
-8.11079
-8.35234
-8.43849
-8.42667
-8.36584
-8.23639
-8.09772
-7.91882
-7.72959
-7.5456
-7.39684
-7.31573
-7.32378
-7.39847
-7.50595
-7.62351
-7.7481
-7.83645
-7.88606
-7.84097
-7.72548
-7.53613
-7.32723
-7.06206
-6.77969
-6.43736
-6.1243
-5.9092
-5.86675
-5.8786
-5.86885
-5.79921
-5.73
-6.61105
-6.83406
-6.83463
-6.79083
-6.72278
-6.65961
-6.57098
-6.46247
-6.54501
-6.75697
-7.0111
-7.16865
-7.17665
-7.12004
-6.8055
-6.47113
-6.3301
-6.59923
-6.86052
-7.12078
-7.44048
-7.59921
-7.8199
-7.93084
-8.00016
-8.0471
-8.11057
-8.22544
-8.35665
-8.38573
-8.34558
-8.27537
-8.13937
-7.99828
-7.84488
-7.68101
-7.52958
-7.40117
-7.33097
-7.33405
-7.40168
-7.48748
-7.59426
-7.72393
-7.81088
-7.84763
-7.8136
-7.6965
-7.51759
-7.28898
-7.01201
-6.63617
-6.22648
-5.83177
-5.59076
-5.49745
-5.55421
-5.61111
-5.58876
-5.54486
-6.65416
-6.91083
-6.90735
-6.86786
-6.84219
-6.82377
-6.68425
-6.49972
-6.32333
-6.52107
-6.788
-6.93549
-6.97801
-6.94518
-6.79853
-6.43475
-6.0964
-6.16638
-6.52701
-6.87426
-7.26253
-7.48842
-7.80578
-8.0022
-8.11275
-8.16922
-8.21723
-8.27585
-8.31339
-8.27833
-8.21787
-8.16123
-8.05461
-7.9369
-7.80083
-7.65764
-7.52352
-7.40126
-7.31857
-7.29586
-7.32486
-7.43045
-7.54745
-7.661
-7.74109
-7.77579
-7.74607
-7.62996
-7.41658
-7.15431
-6.81686
-6.43755
-6.08696
-5.77928
-5.53823
-5.33683
-5.34013
-5.40404
-5.48731
-5.54355
-6.75139
-7.01482
-7.01716
-7.02182
-7.01369
-6.99919
-6.91948
-6.7104
-6.42153
-6.35952
-6.53553
-6.6899
-6.77606
-6.77563
-6.68226
-6.4246
-6.02711
-5.88933
-6.12639
-6.52578
-6.90964
-7.32165
-7.63219
-7.91286
-8.09486
-8.19414
-8.21167
-8.21207
-8.16929
-8.11626
-8.06466
-8.03492
-7.98318
-7.88689
-7.76515
-7.63464
-7.50681
-7.3934
-7.3101
-7.25589
-7.25301
-7.30972
-7.40024
-7.54615
-7.66175
-7.69533
-7.65182
-7.51941
-7.28448
-6.95125
-6.62634
-6.46715
-6.37276
-6.22687
-5.97393
-5.70273
-5.45719
-5.39346
-5.5399
-5.59051
-6.87695
-7.16723
-7.17325
-7.18051
-7.16974
-7.14899
-7.10281
-6.92702
-6.63272
-6.37828
-6.34283
-6.46382
-6.5855
-6.64687
-6.62668
-6.48077
-6.14614
-5.91854
-5.87666
-6.21009
-6.58349
-7.08543
-7.4194
-7.76079
-7.97283
-8.08337
-8.10754
-8.07515
-8.02439
-7.9833
-8.04618
-8.05741
-7.98342
-7.849
-7.72577
-7.60185
-7.49187
-7.40422
-7.33043
-7.26301
-7.21215
-7.19644
-7.2624
-7.44117
-7.56393
-7.58597
-7.55671
-7.42484
-7.16426
-6.83364
-6.72519
-6.77893
-6.79895
-6.70322
-6.44758
-6.0387
-5.662
-5.60975
-5.74895
-5.80537
-7.01388
-7.32075
-7.31884
-7.29656
-7.28479
-7.26956
-7.21817
-7.06482
-6.74572
-6.39349
-6.16266
-6.23436
-6.44193
-6.54633
-6.55679
-6.47941
-6.29858
-6.06413
-5.8856
-5.99687
-6.48377
-6.80799
-7.23109
-7.55973
-7.78118
-7.92866
-7.97874
-7.97821
-7.97822
-8.0531
-8.16559
-8.16603
-8.04407
-7.85947
-7.69652
-7.57353
-7.48515
-7.41439
-7.3538
-7.28868
-7.22927
-7.17203
-7.18573
-7.30346
-7.43797
-7.51402
-7.49265
-7.32222
-7.06324
-6.86215
-6.93183
-7.02556
-7.00641
-6.86318
-6.54243
-6.17552
-5.88273
-5.94697
-6.065
-6.10282
-7.14525
-7.4575
-7.4444
-7.41259
-7.38569
-7.34111
-7.23917
-7.05733
-6.79989
-6.37009
-5.98152
-6.01504
-6.25469
-6.42664
-6.45605
-6.40799
-6.29546
-6.13817
-5.94725
-5.89054
-6.13901
-6.58393
-6.97992
-7.37818
-7.60736
-7.73873
-7.79167
-7.87507
-8.06082
-8.21351
-8.31411
-8.28336
-8.12811
-7.9161
-7.69982
-7.54205
-7.45949
-7.40549
-7.35587
-7.30417
-7.2336
-7.14042
-7.05593
-7.13583
-7.30227
-7.42262
-7.44042
-7.31155
-7.04266
-6.86231
-6.91368
-6.98538
-6.93741
-6.74239
-6.45712
-6.1904
-6.10152
-6.21801
-6.30417
-6.33161
-7.25732
-7.58667
-7.56421
-7.5013
-7.43835
-7.34054
-7.16374
-6.9435
-6.65291
-6.28042
-5.83309
-5.79173
-6.05621
-6.24288
-6.30018
-6.29328
-6.2339
-6.13251
-6.00054
-5.87941
-5.97983
-6.45841
-6.85828
-7.20791
-7.44561
-7.54955
-7.6227
-7.85263
-8.12952
-8.37815
-8.42519
-8.36944
-8.21435
-7.99055
-7.71815
-7.47817
-7.35411
-7.33061
-7.32129
-7.27405
-7.2034
-7.08134
-6.95347
-6.97975
-7.18056
-7.34487
-7.39646
-7.31993
-7.14162
-6.98401
-6.87954
-6.79715
-6.68305
-6.55477
-6.41163
-6.36478
-6.44501
-6.51204
-6.55475
-6.5837
-7.33244
-7.68116
-7.61946
-7.52704
-7.42767
-7.27354
-7.01239
-6.66634
-6.33476
-6.0185
-5.52405
-5.5743
-5.81843
-5.9598
-6.09618
-6.10043
-6.08524
-6.01276
-5.91045
-5.83599
-5.957
-6.40051
-6.84565
-7.09274
-7.31451
-7.44335
-7.60539
-7.94613
-8.16974
-8.41856
-8.47549
-8.42377
-8.26871
-8.04346
-7.73965
-7.41411
-7.20048
-7.18383
-7.21296
-7.20658
-7.13299
-7.01993
-6.94332
-7.02333
-7.2097
-7.35417
-7.39751
-7.35542
-7.28644
-7.20604
-7.03528
-6.83499
-6.71972
-6.67647
-6.657
-6.63603
-6.67479
-6.7083
-6.7266
-6.71851
-7.35878
-7.69522
-7.61023
-7.51694
-7.33541
-7.07043
-6.69309
-6.46297
-6.21653
-5.92403
-5.47589
-5.3594
-5.43874
-5.56973
-5.61876
-5.68961
-5.72073
-5.72849
-5.72443
-5.77126
-5.96454
-6.40757
-6.77902
-7.0738
-7.2656
-7.38661
-7.60902
-7.92245
-8.16704
-8.36979
-8.45916
-8.42233
-8.27323
-8.04666
-7.72036
-7.36332
-7.02856
-6.97459
-7.05074
-7.02066
-6.94563
-6.86981
-6.88076
-7.06751
-7.25735
-7.38404
-7.41453
-7.38193
-7.33034
-7.27167
-7.17502
-7.02384
-6.95127
-6.90564
-6.81906
-6.75695
-6.76314
-6.7379
-6.68105
-6.64466
-7.33409
-7.66169
-7.57987
-7.39075
-7.13898
-6.84595
-6.68544
-6.60382
-6.43547
-6.02497
-5.5356
-5.2149
-5.08969
-5.07466
-5.13102
-5.23624
-5.35266
-5.50247
-5.72482
-5.94245
-6.19566
-6.51229
-6.82622
-7.15651
-7.33833
-7.45064
-7.56082
-7.7785
-7.96824
-8.18173
-8.30271
-8.29802
-8.16929
-7.93827
-7.6011
-7.21884
-6.85155
-6.77587
-6.85196
-6.82941
-6.72515
-6.65108
-6.75992
-6.98301
-7.17256
-7.30853
-7.36892
-7.35107
-7.25395
-7.12913
-7.0164
-6.91098
-6.84825
-6.78429
-6.69748
-6.63341
-6.59852
-6.52958
-6.42897
-6.39553
-7.25214
-7.59976
-7.47393
-7.19732
-6.94496
-6.8833
-6.90295
-6.80851
-6.60015
-6.12439
-5.54268
-5.29247
-5.19584
-5.1064
-5.05962
-5.1934
-5.42428
-5.68739
-5.96602
-6.16529
-6.35324
-6.63456
-6.91759
-7.26737
-7.53202
-7.66921
-7.70814
-7.73255
-7.83078
-7.94222
-8.00094
-8.00139
-7.9296
-7.71132
-7.34367
-6.93434
-6.62895
-6.65734
-6.76
-6.76133
-6.66607
-6.53833
-6.64147
-6.8688
-7.05955
-7.1702
-7.21471
-7.19143
-7.05858
-6.84285
-6.67014
-6.61976
-6.67249
-6.70007
-6.65374
-6.6023
-6.56998
-6.60706
-6.5918
-6.60057
-7.10676
-7.43587
-7.23544
-6.9576
-6.87708
-6.98648
-7.03717
-6.86654
-6.56999
-5.96623
-5.64937
-5.4924
-5.54493
-5.52373
-5.46455
-5.51729
-5.69143
-5.88478
-6.03262
-6.16508
-6.37593
-6.61246
-6.97545
-7.33303
-7.63131
-7.84739
-7.9719
-8.00115
-7.98027
-7.97658
-7.82967
-7.74721
-7.62779
-7.41756
-7.04706
-6.67179
-6.55515
-6.74109
-6.83857
-6.79987
-6.65951
-6.49581
-6.53916
-6.79447
-6.98777
-7.05941
-7.03876
-6.95029
-6.80954
-6.63498
-6.64318
-6.75372
-6.91053
-6.9933
-6.98942
-6.91704
-6.95546
-7.04022
-7.07325
-7.08078
-6.92048
-7.18122
-6.93786
-6.71379
-6.85969
-7.01452
-7.00698
-6.77047
-6.37971
-5.92861
-5.67003
-5.64383
-5.7295
-5.75568
-5.69647
-5.63044
-5.61391
-5.64606
-5.79632
-5.94815
-6.26028
-6.58677
-6.94897
-7.31738
-7.63406
-7.95952
-8.14736
-8.24157
-8.25922
-8.22852
-7.96586
-7.71157
-7.38318
-7.11012
-6.7859
-6.5817
-6.68438
-6.8712
-6.90816
-6.79355
-6.63962
-6.5304
-6.50402
-6.61063
-6.7449
-6.80082
-6.73769
-6.59635
-6.43548
-6.37883
-6.52515
-6.71503
-6.8718
-6.98617
-7.03913
-7.07657
-7.22725
-7.40406
-7.47456
-7.4804
-6.73445
-6.98015
-6.66105
-6.51892
-6.75333
-6.85477
-6.76855
-6.51002
-6.14275
-5.89253
-5.82672
-5.89669
-5.9543
-5.93993
-5.81601
-5.58143
-5.40118
-5.30384
-5.39847
-5.7581
-6.1354
-6.45252
-6.72157
-7.06845
-7.50478
-7.86131
-8.16598
-8.31105
-8.37111
-8.35263
-8.07949
-7.72056
-7.25346
-6.85863
-6.57098
-6.61459
-6.81567
-6.93355
-6.88323
-6.76635
-6.6685
-6.59871
-6.50301
-6.41435
-6.40822
-6.3805
-6.30397
-6.17846
-6.1086
-6.12728
-6.19377
-6.31045
-6.42399
-6.52676
-6.64679
-6.90877
-7.25613
-7.57204
-7.71809
-7.74485
-6.59717
-6.81198
-6.57831
-6.35964
-6.4325
-6.47228
-6.38401
-6.21501
-6.0567
-6.02799
-6.11745
-6.20451
-6.23388
-6.13392
-5.88357
-5.5097
-5.20571
-5.14151
-5.38108
-5.73443
-6.03198
-6.22879
-6.43641
-6.86512
-7.39374
-7.81904
-8.12343
-8.28847
-8.34208
-8.31808
-7.95469
-7.54101
-7.02529
-6.60475
-6.44877
-6.64806
-6.89291
-6.93193
-6.84629
-6.77706
-6.7379
-6.66283
-6.54732
-6.43163
-6.35979
-6.27853
-6.13916
-5.98974
-6.10372
-6.32712
-6.46934
-6.51314
-6.48516
-6.41573
-6.41008
-6.68181
-7.12784
-7.55343
-7.79102
-7.84983
-6.47343
-6.78419
-6.59643
-6.22136
-6.01786
-6.03146
-6.09475
-6.15943
-6.22841
-6.32193
-6.42168
-6.50455
-6.48042
-6.28544
-5.76669
-5.54262
-5.15405
-5.28135
-5.58155
-5.91162
-6.06406
-6.08204
-6.18901
-6.63209
-7.2469
-7.75203
-8.04663
-8.16653
-8.1949
-8.08727
-7.60802
-7.2295
-6.83334
-6.60147
-6.48706
-6.66644
-6.88252
-6.91465
-6.8395
-6.80528
-6.79591
-6.72984
-6.62171
-6.54446
-6.47827
-6.3792
-6.18732
-6.02838
-6.23724
-6.63226
-6.84426
-6.90998
-6.84218
-6.68214
-6.50592
-6.54985
-6.91014
-7.35075
-7.74208
-7.84351
-6.29357
-6.65
-6.52414
-6.15845
-5.94194
-6.03385
-6.24459
-6.38514
-6.51028
-6.61167
-6.71616
-6.72939
-6.59708
-6.35356
-6.09751
-5.79482
-5.33523
-5.32193
-5.62865
-5.90258
-5.86378
-5.8867
-6.08453
-6.66077
-7.19317
-7.6447
-7.87594
-7.95811
-7.8958
-7.62446
-7.22305
-7.01899
-6.9015
-6.80367
-6.67854
-6.68368
-6.80024
-6.83748
-6.81174
-6.82587
-6.83168
-6.78263
-6.70452
-6.65229
-6.5859
-6.43474
-6.17742
-6.04791
-6.33875
-6.70736
-6.91571
-6.98906
-6.9516
-6.76044
-6.52856
-6.57807
-6.9372
-7.34988
-7.63859
-7.74833
-6.01571
-6.27976
-6.25953
-6.16286
-6.18433
-6.37275
-6.52665
-6.6419
-6.76536
-6.86343
-6.91248
-6.85309
-6.64302
-6.45022
-6.2589
-6.02159
-5.66564
-5.38311
-5.41234
-5.42953
-5.55063
-5.93253
-6.38523
-6.91954
-7.25109
-7.54544
-7.69422
-7.71513
-7.53781
-7.26239
-7.10448
-7.10957
-7.10171
-7.05418
-6.93457
-6.74682
-6.64067
-6.68712
-6.75081
-6.8136
-6.83597
-6.82754
-6.79422
-6.75586
-6.64283
-6.43899
-6.14289
-6.06266
-6.405
-6.73208
-6.91479
-6.98449
-6.88687
-6.64504
-6.57423
-6.87749
-7.23842
-7.55172
-7.65083
-7.68427
-5.70569
-5.85303
-5.98571
-6.23824
-6.37902
-6.59421
-6.72805
-6.87159
-6.97582
-7.05866
-7.04794
-6.92411
-6.70499
-6.51151
-6.34677
-6.05447
-5.80345
-5.4031
-5.1998
-5.38368
-5.74189
-6.3528
-6.74508
-7.07252
-7.31799
-7.49725
-7.55183
-7.4662
-7.27187
-7.20374
-7.27845
-7.30626
-7.2954
-7.27818
-7.17361
-6.86423
-6.49191
-6.50615
-6.66809
-6.77228
-6.81941
-6.85374
-6.84955
-6.79412
-6.65253
-6.40294
-6.06891
-6.07131
-6.43022
-6.72795
-6.89282
-6.89473
-6.70133
-6.58792
-6.86383
-7.32935
-7.66463
-7.75299
-7.74629
-7.70612
-5.47456
-5.58746
-5.80939
-6.22705
-6.50257
-6.73035
-6.89804
-7.02589
-7.14533
-7.18856
-7.11698
-6.94345
-6.77317
-6.55147
-6.4065
-6.15631
-5.7548
-5.30996
-5.27426
-5.74365
-6.18078
-6.65617
-6.99011
-7.20889
-7.34427
-7.42525
-7.38919
-7.2136
-7.06149
-7.19031
-7.33921
-7.34256
-7.37817
-7.40666
-7.32002
-6.9825
-6.52387
-6.40724
-6.60836
-6.72822
-6.78186
-6.82799
-6.84156
-6.7922
-6.62953
-6.32729
-5.99211
-6.06875
-6.44046
-6.66169
-6.78012
-6.6894
-6.59935
-6.84203
-7.31517
-7.77204
-7.97909
-7.9794
-7.87941
-7.76542
-5.36166
-5.53755
-5.70911
-6.15621
-6.54251
-6.80847
-7.0157
-7.16359
-7.24622
-7.25031
-7.12332
-6.95584
-6.78238
-6.61138
-6.39063
-6.17918
-5.83389
-5.43211
-5.48222
-5.97226
-6.39707
-6.83211
-7.09597
-7.21745
-7.2965
-7.34947
-7.21977
-6.83592
-6.78963
-7.03452
-7.24825
-7.25941
-7.35463
-7.41002
-7.31141
-6.99165
-6.5765
-6.45238
-6.60305
-6.69273
-6.73303
-6.76141
-6.76761
-6.72789
-6.56967
-6.27405
-5.97789
-6.07764
-6.35984
-6.56473
-6.61571
-6.5596
-6.79267
-7.25866
-7.75845
-8.08682
-8.18728
-8.14996
-7.96925
-7.76775
-5.37328
-5.53287
-5.67737
-6.17431
-6.58896
-6.86835
-7.09835
-7.19219
-7.26574
-7.26653
-7.13756
-6.95655
-6.77215
-6.61518
-6.48357
-6.29994
-5.96715
-5.61839
-5.70402
-6.12194
-6.50674
-6.81538
-7.03511
-7.16937
-7.25676
-7.26704
-7.02019
-6.48928
-6.6196
-6.82606
-7.10488
-7.14137
-7.27878
-7.33543
-7.20542
-6.91453
-6.62563
-6.52837
-6.61507
-6.66432
-6.67913
-6.68582
-6.67562
-6.61731
-6.4926
-6.27322
-6.05684
-6.09851
-6.29559
-6.44216
-6.50734
-6.73885
-7.15319
-7.64009
-8.02649
-8.21407
-8.25141
-8.18608
-8.01111
-7.88307
-5.4626
-5.6023
-5.75048
-6.17958
-6.60964
-6.88291
-7.04734
-7.18725
-7.244
-7.25553
-7.15269
-6.97047
-6.83738
-6.72694
-6.62146
-6.50776
-6.2613
-5.91572
-5.88471
-6.19394
-6.49119
-6.71941
-6.92327
-7.14442
-7.25139
-7.21413
-6.90016
-6.4615
-6.43771
-6.72563
-6.94365
-7.00545
-7.15906
-7.22676
-7.10088
-6.88713
-6.69317
-6.56976
-6.59947
-6.63472
-6.63385
-6.60686
-6.57203
-6.53105
-6.44013
-6.28359
-6.14093
-6.16358
-6.29708
-6.44214
-6.7008
-7.07536
-7.51327
-7.88186
-8.11052
-8.2065
-8.20638
-8.13653
-8.05599
-8.08061
-5.53448
-5.66809
-5.80074
-6.19062
-6.59427
-6.87287
-7.01463
-7.16026
-7.22305
-7.24012
-7.1283
-6.96848
-6.89391
-6.82946
-6.74315
-6.6357
-6.46867
-6.11283
-5.93408
-6.12242
-6.40237
-6.66892
-6.90628
-7.11248
-7.26143
-7.21405
-6.81923
-6.52576
-6.33969
-6.53421
-6.81495
-6.91767
-7.0769
-7.14492
-7.07354
-6.93838
-6.73192
-6.59605
-6.58399
-6.61236
-6.60235
-6.56023
-6.52708
-6.50085
-6.41574
-6.28969
-6.1997
-6.22614
-6.33858
-6.57318
-6.91694
-7.27306
-7.67692
-7.94705
-8.12501
-8.16353
-8.13836
-8.07929
-8.12818
-8.17671
